reelStrip1_1=10,12,10,11,5,11,9,3,8,4,12,6,7,3,11,10,12,12,10
reelStrip1_2=3,12,11,9,8,12,10,2,4,10,6,11,7,5,8,10,4,9,2,8,12,11,4,10,8,10,2,11,12,10,6,11,2,4,11,2,11,2,4,2,8,12,6,11,10,5,8,11
reelStrip1_3=8,11,5,7,2,12,11,9,6,10,4,12,10,9,5,9,4,11,11,5,10,12,11,6,4,7,11,4,12,7,6,5,9,11,10,2,10,4,5
reelStrip1_4=2,12,11,10,3,5,4,10,10,10,6,7,10,3,10,4,10
reelStrip1_5=9,8,11,12,11,10,2,12,10,11,11,10,12,11,8,12,11,12,11
reelStrip1_6=5,7,2,4,6,12,10,3,11,4,10,4,6,7,4,6,4,6,7,10,7,4,7,6,11,3,4,6,7,4,6,3,6,11,6,4,6,4,6,3,7,4,10,6,10,6,3
reelStrip1_7=6,7,12,11,12,9,11,3,10,10,5,8,2,4,2,9,8,4,9,12,2,11,9,10,12,11,8,7,11,4,10,4,2,12,5,8,5,2,8,10,11,2,12,9,8,11,12,8,11,10,5,12,2,10,5,12,4,9,7,5,2,12,11,12,11,5,2,11,3,10,11,7,9,3,5,8,3,9,12,11

reelStrip2_1=12,12,12,11,6,12,11,8,10,11,11,11,3,1,9,9,9,10,7,7,7,4,6,6,6,7,5,5,5,5,10,10,10,12,9,6,10,1,9,4,11,6,10,7,5,10
reelStrip2_2=8,8,8,9,3,8,4,12,5,1,12,11,10,7,10,6,11,9,5,9,12,11,5,9,11,11,4,7,11,11,12,11,12,4,5,12,11,12,1,12,11,12,10,11,12,6,11,12,11
reelStrip2_3=4,10,5,6,11,11,11,9,11,10,10,10,7,12,12,12,3,10,11,12,12,8,1,10,10,12,8,8,7,10,3,1,8,12,3,8,12,8,5,8,1,8,9,8,5,8,12
reelStrip2_4=12,3,5,7,6,11,10,8,10,11,12,4,9,1,8,9,5,9,4,11,3,9,5,9,11,5,6,10,11,5,9,10,9,10,11,5,8,9,4,10,9,7,10,9,5,11,12
reelStrip2_5=12,8,4,11,12,1,11,9,10,3,6,7,10,5,11,9,4,6,4,1,8,8,11,5,6,11,3,6,8,5,4,10,11,1,3,8,12,6,5,11,6
reelStrip2_6=4,5,12,12,11,6,7,1,3,11,8,10,9,10,10,11,6,11,1,6,9,12,6,11,12,11,3,11,12,6,10,11,11,12,3,12,11,6,11,12,1,3
reelStrip2_7=8,12,3,6,9,11,5,10,10,11,4,12,7,12,12,11,4,7,11,9,11,4,7,12,3,11,9

reelStrip3_1=5,7,10,6,11,8,9,3,12,11,10,4,12,6,11,7,6,10,6,10,6,12,11,7,3,12,10,4,6,12,6,8,6,12,6,11,4,12,10,6,12,6,11,4,6,4,11,8,3,6,7,6,7,12,11,6,12,6,4
reelStrip3_2=5,12,6,10,9,12,8,11,11,4,7,10,2,3,2,6,10,12,6,7,12,12,10,7,10,8,12,11,6
reelStrip3_3=6,4,2,9,10,5,11,10,12,11,8,7,12,12,7,10,12,7
reelStrip3_4=10,10,10,11,4,2,12,6,5,7,10,3,6,5,12,6,3,4,11,5,12,4,12,6,2,4,2,5,4,6,4,12,7,4,12,5,6,12,6,5,2,5,2,5,4,12,6,4,7,6,11,6,2,6,2,3,6
reelStrip3_5=9,12,12,11,8,10,2,11,10,12,11,8,10,8,2,10,12,8,2,12,2,12,2,10,2,10,8,11,10,10,12,11,2,8,10,10,11,10,12,10,2,10,2,12,10
reelStrip3_6=5,3,10,12,4,6,2,11,7,2,12,6,10,6,7,2,10,2,10,7,10,6,7,11,6,11,4,6,7,11,6,7,10,4,10,11
reelStrip3_7=11,6,4,12,8,3,5,7,2,10,11,12,10,9,4,10,8,3,7,6

reelStrip4_1=9,11,6,6,6,1,10,7,11,12,6,12,12,12,12,10,4,3,8,11,11,11,5,5,5,5,10,10,10,7,7,7,9,9,9,12,5,11
reelStrip4_2=8,8,8,1,8,11,12,9,10,6,12,3,10,11,4,7,5,4,3,5,4,11,10,4,10,3,10,4,3,5,9,7,3,12,4,6,4,3,12,6,4
reelStrip4_3=11,1,12,12,12,12,5,3,9,7,12,10,10,10,4,10,11,11,11,10,8,11,6,10,8,7,12,10,9,8,12,11,10,12,11,8,11,9,12,10,12,5,10,12,5
reelStrip4_4=5,10,4,10,12,12,8,3,1,6,9,11,7,11,11,11,3,11
reelStrip4_5=12,12,11,8,4,5,11,10,10,9,7,1,3,6,4,3,4,3,11,3
reelStrip4_6=7,6,8,4,5,1,11,3,9,11,12,12,10,10,10,3,10,9,10,10,10,10,4,11,1,11,11,8,11,4,10,10
reelStrip4_7=3,12,6,12,9,8,7,11,10,5,4,11,10,8,12,5,12,9,8,4,12,11,5,4,8,12,8,5,9,6,8

reelStrip5_1=10,10,10,6,10,4,7,7,7,7,5,5,5,10,6,6,6,8,11,11,11,12,5,1,9,9,9,9,12,12,12,12,11,3,11,5,7,12,4,9,1,5,7,9,5,7,5
reelStrip5_2=11,4,8,8,8,12,10,12,6,11,1,8,10,7,3,5,9,11,4,10,3,10,8,10,3,4,6,3,6,10,4,10,5,8,6,4
reelStrip5_3=10,10,10,8,11,11,11,11,12,6,12,12,12,4,9,3,7,5,12,11,1,10,10,12,7,3,11,11,11,12,11,12,4,6,12,5,11,5
reelStrip5_4=12,11,10,4,10,8,6,9,7,1,5,11,3,12,9,10,9,10,10,8,5,8,10,11,9,11,9,6,10,9,3,11,10,9,11,6,11,7,9,6,7,12,8,3,10
reelStrip5_5=12,1,4,9,3,6,12,10,11,10,11,7,8,5,10,9,3,12,9,8,9,5,9,5,1,5,8,12
reelStrip5_6=12,6,12,9,10,8,10,3,4,11,5,1,7,11,8,6,4,11,6,12,6,9,4,1,6,10,12,6,7,6,7,9,12,1,6,3,6,7,6,7,9,8,7
reelStrip5_7=5,10,8,6,11,3,12,11,4,12,10,7,9,3,6,12,10,12,3,11

reelStrip6_1=10,12,6,12,11,4,8,9,5,11,10,7,3,5,3,7,12,7,12,10,8,7,11,5,12,7,10,11,8,10
reelStrip6_2=4,7,5,10,8,12,2,12,10,11,6,9,11,3,12,5,3,10,12,7,8,5,12,10,3,12,3,8,11,7,5,12,10,3,12,5,12,5,12,11,8,11,5,3,7,12,11,12,12,9,12
reelStrip6_3=5,10,7,12,8,4,6,10,11,9,11,2,12,6,8,4,12,9,4,9,6
reelStrip6_4=5,12,10,10,10,11,4,6,10,7,3,2,12,7,10,11,3,12,10,12,3,12,10,12,3,10,12,10,11,7,10,12,10,12,2,12,11,12,11
reelStrip6_5=11,10,9,10,12,2,8,12,11,12,11,2,10,12,10,2,11,12,10,10,8,10
reelStrip6_6=10,7,12,5,11,3,6,2,4,2,7,6
reelStrip6_7=7,9,12,2,10,4,12,5,3,10,11,6,8,11,12,9,11,4,3,10,5,6,3,11,12,10,6,12,10,11,3,2,12,9,3,2,10,11,12,12,11,8,6,10,11,3,2,10,4,3,4,11,5,10,12,10,3,5,8

reelStrip7_1=12,9,9,9,8,6,3,5,5,5,10,4,10,10,10,11,11,11,11,9,11,6,6,6,12,12,12,12,5,7,7,7,1,10,7,10
reelStrip7_2=8,8,8,11,10,11,5,10,3,7,12,12,1,6,4,9,8,6,12,10,12,6,12,11,12,10,12,12,12,10,3,12,12,5,4,3
reelStrip7_3=10,10,10,10,11,11,11,9,12,12,12,12,11,8,1,12,3,5,11,4,6,10,7,11,4,8,4,8
reelStrip7_4=9,12,10,7,8,11,12,4,3,6,5,11,1,10,8,11,10,11,8,10,12,12,11,10,8,12,12,11,8,10,11,11,12,10,11,8,10,1,10,12,11,10,11,10,7,12,8,4,8,10,10
reelStrip7_5=3,12,12,1,10,4,9,10,6,8,11,7,11,5,10,4,12
reelStrip7_6=10,10,7,11,4,6,1,11,8,3,12,9,12,5,10,8,3,1,10,4,5,11,4,11,4,7,1,7,11,12,11
reelStrip7_7=12,9,11,10,4,10,11,8,5,12,7,3,6,3,10,8,10,11,10,11,10,8,10,10,10,4,9,3,4,10,10,8,10,8,11,10,8,3

reelStrip8_1=6,10,7,11,12,3,10,11,8,5,9,12,4,3,11,7,10,12,3,11,10,7,12,3,8,10,12,11,7,10,10,5
reelStrip8_2=8,4,9,11,6,12,11,5,2,12,10,10,7,3,11,10,11,10,11,11,7,10,7,9,10,10,10,11,10,11,9,7,11,9,10,12,6,9,10,11,7,11,9,10,10,12,10,12,9,10,6,7,9
reelStrip8_3=9,4,12,12,7,11,6,10,10,8,11,5,2,6
reelStrip8_4=10,10,10,3,10,7,12,2,11,4,6,5,2,12,2,3,2,7,3,7,5,12,2,12,5,3,5,7,12,2,12,3,7,2,5,2,12,2,12,5,7,3,12,4,2,12,2,12,5,12,2,12,2,7,5,12,2,5,12,2,3,4
reelStrip8_5=11,8,10,12,9,11,10,2,12,2,10,11,8,10,8,12,11,2,11,10,12,11,10,2,11,2,12,10,12,12,12,11,2,9,10,11
reelStrip8_6=4,5,12,10,7,11,3,6,2,3,12,10,12,5,2,10,5,3,5,7,3,2,12
reelStrip8_7=4,10,12,12,11,11,6,3,2,5,8,9,10,7,10,8,11,12,11,11,12,11,7,9,11,12,8,12,9,12,11,12,11,9,12,11,12,10,11,9,2,9,12,11,5,2,5,11,2,8,9,8,10,9,12,9,12,9,11,10,12,9,12,9,12,9,12,10,9,11

reelStrip9_1=7,7,7,7,3,12,10,10,10,12,11,12,12,12,10,11,11,11,4,1,9,9,9,8,6,6,6,9,5,5,5,10,11,6,5,11,6,9,11,10,5,11,1,8,9
reelStrip9_2=4,8,8,8,5,8,11,9,1,11,3,12,6,10,10,7,12,11,1,12,10,11,12,5,12,10,10,9,5,11,12,11,8,10,1,11,10,8,1
reelStrip9_3=12,12,12,1,10,10,10,5,9,7,3,11,11,11,11,10,12,11,6,8,10,12,4,3,11,10,10,11,10,11,3,11,10,10,1,10,11,11,3,11,11,3,1
reelStrip9_4=3,6,1,11,5,12,8,4,11,9,7,12,10,10,7,1,10,7,8,6,10,12,7,8,6,10,8
reelStrip9_5=11,12,10,7,12,3,4,8,11,10,5,1,6,9,10,12,10,9,10,7,10,1,10,8,10,4,10,4,7,10,10,12,1,10,4,10,4,6,8,1,6,10,7,4,10,10
reelStrip9_6=6,12,9,11,8,10,12,4,7,10,3,1,11,5,10,10,4,8,9,4,8,4,8,10,9,10,10,8,1,10,10,4,11,10,9,10,11,9,8,10,8,10
reelStrip9_7=12,3,6,11,7,11,5,9,4,10,12,8,10,8,11,3,11,9,11,11,7,8,11,4,3,7

reelStrip10_1=8,12,3,5,11,6,9,9,9,10,4,9,5,5,5,11,1,12,7,10,7,7,7,6,6,6,11,11,11,10,10,10,12,12,12,11,7,9,10,9,10,10,9,10,7,5,7,12,6,11,5,1,7,6,11,6
reelStrip10_2=5,8,8,8,12,4,11,6,10,11,12,7,10,3,9,1,8,10,8,10,10,10,11,1
reelStrip10_3=1,10,10,10,10,12,12,12,7,11,11,11,6,3,8,9,12,11,4,12,10,5,11,11,10,12,10,8
reelStrip10_4=11,8,10,7,12,3,5,11,1,9,12,10,4,6,7,9,1,3,9,5,3,12,7,9,5,8,7,3,9,8,10,7,8,9,8,5,8,1,12,3,9,12,9,5,8,10,8,6,9,6,7,3
reelStrip10_5=1,11,10,12,7,8,11,5,4,6,12,3,10,9,7,10,10,8,12,10,9,12,8,9,11,9,10,11,12,9,3,12,5,6,12,10
reelStrip10_6=10,7,8,4,12,3,10,1,6,9,5,11,11,12,11,6,5,12,11,12,8,12,3,3,12,3,8,12,12,1,6,12,11,12,8,12,10,8,5,6,8,3,11,10,6,8,1,3,11,1
reelStrip10_7=6,12,3,11,10,12,7,8,11,5,10,4,9,7,12,9,12,5,12,11

reelStrip11_1=6,3,5,4,7,4,7,4,7,3,4,3,7,4,7,4,7,3,4,3,7,4,7,4,3,4,7,3,7
reelStrip11_2=10,9,8,11,12,8,9,8,9,8,9,12,8,9,12,8,9,11,9,11,9,12,11,9,12,11,12,8,12,11,8,12,9,11,8,9,8,12,11,8,12,11,9,12,11,8,11,12,8,11,8,11,9,8,12,9
reelStrip11_3=5,6,3,7,4,6,4,6,4,6,3,4,6,4,3,6,7
reelStrip11_4=4,5,6,7,3,6,7,3,7,3,7,6,7,6
reelStrip11_5=9,10,8,12,11,10,11,8,10,12,10,8,10,11,8,10,11,8,10,8,10,11,10,11,10,11,10,8,11,8,11,10,11,12,8,10,8,11
reelStrip11_6=3,4,6,7,5,4,7,4,7,4,5,7,4,7,4,6,4,5,4,7,5,7,4,7,5,4,7,5,4,6,5,7,4,7,4,7,6,7,4,7,4,5,7,4,7
reelStrip11_7=10,5,6,7,11,4,9,3,8,12,4,7,4,12,4,8,7,6,8,5,11,3,11,7,3,9,4,6,5,4,5,8,7,3,7,4,7,9,5,11,7,11,7,9,8,4,7,4,6,7,4,12,7,8,7,6,11,4,5,3,8

reelStrip12_1=5,4,6,10,9,12,7,12,11,8,10,11,12,9,6,8,12,8,9,12,8,10
reelStrip12_2=2,9,12,11,8,5,10,4,7,10,11,6,12,3,8,6,11,12,8,10,6,5,10,4,6
reelStrip12_3=10,9,7,4,6,12,12,8,10,11,11,5,2,4,5,6,11,2,10,6,4,10,2,6,12,2,9,7,8,12,4,5,10
reelStrip12_4=11,5,6,10,10,10,10,2,3,4,7,12,10,2,3,10,5,10,5
reelStrip12_5=12,8,10,11,10,12,2,11,9,11,12,11,10,12,2,12,10,11,2,12,8,10,12,9
reelStrip12_6=7,3,11,2,10,4,6,5,12,5,4,3,5,3,6,10,12,2,12,10,3,12,5,4,10,6,5,10,4,10,4,3,5,10,6,10,6,3,4,6,10,3,5,10,12,3,5,6
reelStrip12_7=10,5,10,2,9,3,6,8,12,12,11,7,4,11,10,12,7,11,12,7,4,5,11,5,10,5,11,12,12,12,4,6,3,5,11,8,4,7,6,7,5,8,12,7,11,5,12,11,5,6,12,10,4,12,2,11,3,10,6,5,3,12,4,8,5,11,10,3,4

reelStrip13_1=11,9,9,9,10,12,12,12,12,12,7,7,7,10,7,1,5,5,5,3,9,6,4,5,11,11,11,11,10,10,10,10,10,12,4,7,5,7,11,9,7,4,11,10,5,11,9,5,4,10,4,5,10,9,11,5,4,10,12,9,10
reelStrip13_2=8,8,8,8,10,10,12,5,11,6,11,4,1,9,3,7,12,11,4,7,12,4,12,12,4,12,11,12,12,12,10,5,1,7,10,12,11,11,10,7,1,3,10,7
reelStrip13_3=4,10,7,10,10,10,8,1,12,12,12,12,11,11,11,11,9,5,3,11,6,10,12,11,3,11,12,12,8,12,8,7,10,12,11,8,10
reelStrip13_4=4,12,8,5,1,11,3,10,6,10,12,9,11,7,11,9,10,11,10,1,11,5,10,9,9
reelStrip13_5=7,3,10,1,12,12,9,10,11,5,8,4,6,11,11,3,8,3,11,4,6,4,1,4,10,6,3,4,5,4,6,5,9,11,1,6,11
reelStrip13_6=12,12,10,11,1,9,11,3,6,10,8,5,4,7,3,6,3,10,3,10,3,11,10,3,12,3,6,10,6,10,11,3,11,12,11,10,6,3,10,11,10,10,12,6,11,1,3,10,4
reelStrip13_7=6,7,4,8,11,5,3,11,12,10,9,10,12,10,10,4,3,5,9,8,7,8,3,10,4,12,3,7,10,12,5,10,12,12,8,10,5

reelStrip14_1=12,3,7,7,7,11,10,6,6,6,6,7,9,9,9,9,10,10,10,11,4,12,8,10,12,12,12,5,1,5,5,5,11,11,11,12,9,3,11,7,1,7,8,11,3,9,5,3,5,5,7,11,9,11,5,11,7,5,7,5,11,5,1,5,11
reelStrip14_2=8,8,8,7,1,10,3,11,4,11,12,10,5,12,6,9,8,12,3,4,12,5,9,3,11,4,5
reelStrip14_3=9,10,3,10,10,10,11,12,12,12,12,1,11,6,10,7,12,5,11,11,11,4,8,10,3,10,12,10,11,10,11,10,12,7,5,8,12,11,8,10,12
reelStrip14_4=12,5,1,4,8,7,10,10,3,11,12,11,6,9,6,4,6,12,10,11,4,10,11,10,10,7,11,10,4,11,1,6,5
reelStrip14_5=11,10,12,4,11,10,5,6,12,8,7,3,1,9,4,12,10,12,10,4,6,10,12,10
reelStrip14_6=11,10,5,8,10,12,4,6,12,3,1,9,11,7,10,4,11,12,4,5,4,10,11,9
reelStrip14_7=4,3,5,12,6,10,11,9,7,10,8,11,12,9,12,5,10,8,12,12,11,10,8,9,5,10,8,12,12,12,9,6,9,5,12,10
