reelStrip1=10,6,12,4,8,12,6,12,6,1,8,11,13,4,12,7,5,9,10,6,3,6,11,7,11,6,8,6,13,5
reelStrip2=7,5,11,13,3,9,3,11,13,3,11,3,9,3,11,3,5,1,9,11,13,5,3,9,13,11,9,3,2,2,2,7,9,10,4,13,11,12,2,8,1,6,5,3,6,10,7,10,12,6,8,10,12,10,11,1,9,7,6,8,7,10
reelStrip3=10,13,3,9,5,6,7,4,11,8,12,1,9,11,3,7,3,7,11,5,11,8,11,1,3,11,7,8,11,3,6,9,2,2,2,12,6,3,7,13,4,1,11,5,8,10,2,9,6,10,12,10,9,13,12
reelStrip4=3,7,11,6,1,9,8,4,12,5,13,10,11,9,13,7,6,12,6,12,7,1,12,5,13,9,6,9,7,11,9,6,7,6,2,2,2,2,6,8,9,12,1,13,3,11,5,7,10,4,12,7,12,3,12,8,12,7,8
reelStrip5=9,3,2,1,4,5,10,13,6,7,8,11,12,11,4,6,12,11,11,12,2,11,3,11,3,1,4,11,2,10,8,13,12,3,4,5,7,6,9,13,8,1,9,4,10
reelStrip6=
reelStripBonus1=9,5,13,12,1,8,10,6,4,7,3,11,7,12,4,7,12,10,4,8,6,4,8,6,7,4,5,7,5
reelStripBonus2=10,5,4,12,2,2,2,7,9,3,2,11,6,8,13,1,6,2,12,2,5,8,2,6,11,3,11,2,12,2,3,12,8,1,6,12,3
reelStripBonus3=2,2,2,11,6,9,2,8,13,7,3,1,5,12,4,10,4,6,12,13,12,11,3,4,12,6,13,12,6,1,12,3,12,3,12,13,10,12,3,4,3,13
reelStripBonus4=12,10,7,8,11,5,2,2,2,3,4,1,13,2,9,6,8,2,11,2,13,2,5,2,5,2,1,2,8,5,2,5
reelStripBonus5=2,2,2,11,4,1,8,6,7,2,3,12,5,13,10,9,1,10,6,7,6,10,8,6,11,1,9,5,6,9,7,9,6,8,5,11,6,8,10,11,10,5,6,13,8,1,6,9
reelStripBonus6=