reelStrip1=7,11,11,1,12,12,6,8,4,10,10,5,11,11,9,9,3,13,13,5,8,12,12,1,13,13,6,10,10,7,10,10,1,12,12,6,8,4,9,9,5,6,7,3,11,11,5,6,13,13,7,13,13,6,10,10
reelStrip2=7,11,11,2,12,12,6,8,4,9,9,5,13,13,3,11,11,5,8,12,12,2,13,13,6,10,10,7,2,12,12,6,8,11,11,4,9,9,5,6,7,3,11,11,5,6,12,12,7,13,13,6,9,9,5
reelStrip3=9,7,11,11,2,13,13,6,8,4,9,9,5,10,10,1,6,8,3,11,11,5,8,12,12,2,13,13,6,7,13,13,6,10,10,7,11,11,1,12,12,6,8,4,10,10,5,9,9,5,6,7,3,11,11,5,6,12,12,7,13,13,6,7,11,11,2
reelStrip4=7,10,10,2,12,12,6,8,11,11,4,9,9,5,6,7,3,11,11,5,6,12,12,7,13,13,6,7,11,11,2,12,12,6,8,4,9,9,5,13,13,3,11,11,5,8,12,12,2,13,13,6,10,10,9,9,4
reelStrip5=7,10,10,1,12,12,6,8,4,9,9,5,6,7,3,11,11,5,6,13,13,7,13,13,6,10,10,7,11,11,1,12,12,6,8,4,10,10,5,11,11,9,9,3,13,13,5,8,12,12,1,13,13,6,10,10
reelStrip6=
reelStripBonus1=10,5,9,9,7,10,10,8,12,12,6,13,13,8,9,9,4,9,9,5,6,8,3,3,3,3,11,11,10,10,6,12,12,8,4,9,9,5,6,7,3,3,3,3,11,11,6,12,12,7,13,13,6,10,10,7
reelStripBonus2=7,10,10,2,12,12,6,8,4,9,9,5,6,3,11,11,5,6,12,12,7,13,13,2,10,10,7,4,7,3,11,11,5,6,12,12,7,13,13,6,10,10,7,8,9,9,4,9,9,5,6,8,3,3,3,3
reelStripBonus3=7,10,10,2,12,12,6,8,4,9,9,5,6,3,11,11,5,6,12,12,8,13,13,2,10,10,7,4,6,12,12,7,13,13,6,10,10,7,10,5,9,9,7,11,11,5,6,12,12,7,13,13,2,10,10,7,4,7,3
reelStripBonus4=7,10,10,2,12,12,6,8,4,9,9,5,6,7,3,11,11,5,6,12,12,7,13,13,6,10,10,7,3,11,11,5,6,12,12,7,13,13,2,10,10,7,4,7,10,5,9,9,7,10,10,8,12,12,6
reelStripBonus5=10,10,6,12,12,8,4,9,9,5,6,7,3,3,3,3,11,11,6,12,12,7,13,13,6,10,10,7,10,5,9,9,7,10,10,8,12,12,6,13,13,8,9,9,4,9,9,5,6,8,3,3,3,3,11,11
reelStripBonus6=