reelStrip1_1=5,8,10,7,11,6,9,11,4,5,5,3,10,10,9,6,4,6,8,9,10,1,11,9,10,8,8,7,7,9,8,3,11,3
reelStrip1_2=7,5,4,1,10,2,7,10,4,8,6,11,9,7,10,3,8,11,9,5,4,9,10,11,9,11,3,4,9,5,6,8,11,11,6,2,8,4,11,8,10,1,5,7,6,9
reelStrip1_3=10,7,9,4,3,11,3,6,2,11,7,5,9,10,1,9,4,7,2,5,11,11,8,10,3,2,10,6,9,9,8,1,5,5,9,10,2,10,11,4,4,7,8,9,5,8,8,4,8,7
reelStrip1_4=10,3,8,2,2,9,10,3,5,4,1,8,9,4,6,9,3,9,11,7,10,4,6,11,5,11,8
reelStrip1_5=9,10,6,9,11,9,4,7,9,4,8,6,4,1,10,7,5,6,3,3,8,11,5,9,8,11,10,3,8,10,5,3,8
reelStrip1_6=

reelStrip2_1=10,9,7,7,8,10,11,8,4,5,11,11,9,4,3,8,6,10,10,3,8,10,7,11,8,5,3,5,10,9,4,4,5,9,6,6,3,9,4,9,11,8,7
reelStrip2_2=11,2,2,11,11,8,10,2,9,8,10,9,2,10
reelStrip2_3=7,11,9,9,8,10,9,4,11,5,9,5,4,10,4,3,9,9,10,11,3,6,6,5,8,6,7,4,8,8,3,6,7,7,5,4,8,5,10,10,8,5,10,2,3,2,2,11
reelStrip2_4=4,10,3,10,4,7,9,11,9,3,11,10,8,7,4,5,8,9,5,8,6,2,9,3,5,11,3,8,6,2,11
reelStrip2_5=11,8,10,5,5,3,10,9,5,8,7,5,4,6,9,11,4,6,10,8,5,9,8,3,9,8,11,10,3,9,10,11,4,6,8,11,7,7,9,6,3,7,4
reelStrip2_6=

reelStrip3_1=5,10,9,3,7,4,11,8,7,10,8,6,8,4,10,8,7,3,6,9,6,8,9,5,5,4,9,10,10,8,4,3,4,9,7,11,10,10,9,11,5,11,3,9,11
reelStrip3_2=6,7,9,4,3,2,8,8,9,7,9,5,8,2,11,11,7,10,9,6,6,5,11,10,11,4,11,3,4,11,9,2,10,3,5
reelStrip3_3=9,2,9,11,8,2,10,10,2,11,8
reelStrip3_4=10,7,6,3,5,3,10,11,4,3,9,3,3,9,6,9,10,9,8,11,8,3,11,5,2,5,11,2,8,6,9,5,4,8,7,10,11,9,7,9,5,4,11,8,8,4,10
reelStrip3_5=8,5,10,8,9,9,4,8,9,11,9,3,10,4,11,7,8,5,11,6,7,3,9,4,11,10,6,3,5,6,6,4,10,3,9,8,5,5,10,7,8,7,10,11
reelStrip3_6=

reelStrip4_1=10,6,8,5,7,9,11,3,6,3,9,10,4,10,4,11,7,8,9,8,5
reelStrip4_2=10,4,3,8,6,2,11,5,3,6,7,11,9,4,7,10,8,5,11,2,9,9
reelStrip4_3=2,8,7,6,5,9,4,9,8,10,3,2,11,8,9,10,10,11,3,6,6,2,10,7,4,11,5,5,3,5,8,9,4
reelStrip4_4=9,11,9,2,8,2,10,11,10,8,2
reelStrip4_5=7,8,3,9,6,9,8,3,4,9,11,11,5,11,6,4,8,7,6,3,11,7,9,5,8,5,8,4,10,8,8,7,3,8,9,10,7,10,4,8,10,3,6,5,9,10,9,4,11,10,7,5,10,11,11,9,4,6,3,10,9,5,6,5
reelStrip4_6=

reelStrip5_1=9,8,8,11,5,11,6,10,3,11,1,3,5,10,4,7,9,9,4,8,4,10,7
reelStrip5_2=8,9,11,7,10,2,6,11,5,10,10,11,3,11,5,3,2,7,9,9,2,8,11,6,9,8,2,6,11,4,6,3,5,10,4,2,8,11,5,1,9,9
reelStrip5_3=1,2,2,3,4,4,5,5,6,7,8,8,9,9,10,10,11,11
reelStrip5_4=7,1,6,7,10,1,3,9,11,5,2,3,11,3,9,5,8,9,8,11,11,2,8,9,4,2,10,8,4,6,10
reelStrip5_5=10,8,9,8,1,3,4,7,10,10,7,9,9,10,6,10,11,9,6,5,8,4,3,9,4,8,6,3,5,5,7,11
reelStrip5_6=

reelStrip6_1=6,11,8,5,3,8,6,4,9,10,5,8,5,8,10,8,9,5,8,11,4,9,9,10,10,3,10,1,9,3,10,9,4,9,7,6,7,4,3,11,7,10,11
reelStrip6_2=1,9,11,5,9,7,5,4,2,2,3,6,11,2,8,11,10,7,11,10,8,5,5,3,2,4,3,9,3,4,10,6,8,9,10,8,11
reelStrip6_3=9,7,5,1,4,8,11,10,6,4,10,8,3,1,8,2,3,4,5,10,11,8,7,9,11,9,7,3,9,5,6,5,9,2,10,11,10,5,2,6,2,8,4,11
reelStrip6_4=1,2,2,3,3,4,5,6,7,8,8,9,9,10,10,11,11
reelStrip6_5=1,3,3,4,5,6,7,8,8,9,9,10,11,11
reelStrip6_6=

reelStrip7_1=8,10,8,10,9,5,11,4,3,7,7,3,11,11,8,6,5,9,9,7,10,6,11,10,10,9,8,4,3,9,4,5,4,1
reelStrip7_2=10,11,8,9,10,5,10,9,2,2,11,9,6,3,9,3,6,11,7,8,9,11,5,4,8,11,2,6,5,11,7,5,4,1,2,8,11,10,9,2,6,4
reelStrip7_3=4,2,3,4,9,9,8,4,9,3,5,2,5,8,7,7,6,10,11,2,1,6,10,5,8,8,9,10,11,10,11
reelStrip7_4=9,3,3,4,10,8,2,11,7,11,2,9,8,9,1,6,5,10
reelStrip7_5=9,11,7,9,3,5,7,10,8,10,8,9,6,11,6,10,3,5,8,4,8,5,6,11,9,1,3,4
reelStrip7_6=

reelStrip8_1=9,7,8,4,11,5,3,1,9,8,3,6,10,10,4,9,8
reelStrip8_2=8,4,2,8,11,6,9,3,9,9,11,4,10,2,2,3,5,9,4,10,6,9,11,11,9,10,6,7,8,5,3,1,5,2,8,7,11,6,11,2,10
reelStrip8_3=2,11,8,9,5,10,11,11,7,2,9,10,3,4,1,6,8,2,8,9,6,10,9,3,5,4,6,7,5,4,5,3,10,5
reelStrip8_4=1,2,2,3,3,4,5,6,7,8,8,9,9,10,10,11,11
reelStrip8_5=9,4,7,11,5,5,8,11,7,4,5,6,11,9,7,9,8,8,5,6,10,10,6,4,8,1,9,10,11,3,9,8,4,6,1,10,7,8,8,11,3,3,9,10,3,10,8,6,8,5,10,9,3,3
reelStrip8_6=

reelStrip9_1=5,4,11,8,10,5,6,7,1,7,4,10,9,10,8,7,9,9,3,3,8,10,9,5,5,8,11,11,7,9,10,9,10,9,10,4,3,4,4,8,11,11,8,6,3
reelStrip9_2=9,2,11,5,6,1,10,11,3,11,2,5,6,8,4,2,7,4,9,11,10,9,8
reelStrip9_3=10,11,11,7,3,5,11,9,10,4,9,4,11,5,9,5,1,7,5,4,8,10,10,9,9,6,2,8,3,1,10,4,8,5,8,6,2,3,7,6,2,8,2
reelStrip9_4=2,3,8,11,9,5,5,6,10,8,3,9,7,4,11,1,2,4,10,11,6,8,9
reelStrip9_5=1,10,8,11,9,4,4,3,10,8,9,3,8,10,6,7,3,6,11,6,8,10,3,6,7,10,5,1,5,7,9,8,9,3,8,11,5,9,5,9,8,9,3,11,5,4,7,6,11,10,4
reelStrip9_6=

reelStrip10_1=8,9,5,10,9,10,8,4,11,1,6,10,4,11,7,5,3,9,3
reelStrip10_2=9,9,10,8,9,8,10,11,5,9,2,4,11,6,1,3,2,6,11,11,5,2,7
reelStrip10_3=4,6,6,10,2,10,9,9,5,9,3,11,3,2,11,7,7,2,5,9,4,8,2,1,6,4,11,1,10,10,8,4,3,5,4,3,2,10,8,8,9,5,10,11,11,6,7,9,9,5,8,8,6,11
reelStrip10_4=4,2,7,2,10,6,9,3,8,11,1,5,11,6,5,8,3,10,9,11,9,10,2
reelStrip10_5=3,7,8,4,5,8,9,1,5,5,8,7,11,11,9,10,9,3,6,6,10,7,8,8,3,11,9,9,8,3,6,10,6,9,1,11,4,8,5,10,11,4,10,9,9,10,5,10,11,4,3,10,4,7,6
reelStrip10_6=