reelStrip1_1=3,3,3,3,8,7,10,9,9,4,11,8,8,10,6,9,1,11,11,5,5,10,12,10,11,6,6,6,4,13,13,7,7,7,12,10,6,13,4,11,11,10,12,5,13,1,12,12,3,8,11,11,10,6,6,9,9,5,5,5,10,10,12,7,7,13,13,11,4,4,4,10,10,9,7,13,13,5,9,8,12,12
reelStrip1_2=12,12,8,9,5,13,13,7,9,10,10,4,4,4,11,13,13,7,7,12,10,10,12,12,6,6,6,13,13,7,11,7,5,8,13,6,9,12,3,3,11,8,8,7,7,7,13,13,5,5,5,6,12,12,4,4,8,8,11,10,7,9,9,10,5,5,11,11,1,9,6,10,8,2,11,4,9,9,7,8,8,3,3,3,3
reelStrip1_3=3,3,3,3,8,8,7,9,9,4,11,6,8,10,6,9,1,11,11,5,5,10,6,6,6,12,10,11,4,13,13,7,7,7,12,10,6,2,4,11,11,10,12,5,13,1,12,12,3,8,11,11,10,6,6,9,9,5,5,5,10,10,12,7,7,13,13,11,4,4,4,10,10,9,7,13,13,5,9,8,12,12
reelStrip1_4=12,12,8,9,5,13,13,7,9,10,10,4,4,4,11,13,13,7,7,12,10,10,12,12,6,6,6,13,13,7,11,7,5,8,13,6,9,12,3,3,11,8,8,13,13,7,7,7,5,5,5,6,12,12,4,4,8,8,11,10,7,9,9,10,5,5,11,11,1,9,6,10,8,2,11,4,9,9,7,8,8,3,3,3,3
reelStrip1_5=3,3,3,3,8,8,7,9,9,4,11,6,8,10,6,9,1,11,11,5,5,10,12,10,11,4,13,13,7,7,7,12,10,6,2,4,11,11,10,6,6,6,12,5,13,1,12,12,3,8,11,11,10,6,6,9,9,5,5,5,10,10,12,7,7,13,13,11,4,4,4,10,10,9,7,13,13,5,9,8,12,12
reelStrip1_6=12,12,8,9,5,13,13,7,9,10,10,4,4,4,11,5,5,5,13,13,7,7,12,10,10,12,12,6,6,6,13,13,7,11,7,5,8,13,6,9,12,3,3,11,7,7,7,8,8,13,13,6,12,12,4,4,8,8,11,10,7,9,9,10,5,5,11,11,1,9,6,10,8,2,11,4,9,9,7,8,8,3,3,3,3

reelStrip2_1=3,3,3,3,8,7,10,10,4,11,3,3,3,10,6,13,1,11,11,3,3,10,8,8,7,10,11,8,6,11,11,11,10,4,13,13,7,7,7,13,13,6,10,3,3,3,10,4,4,13,1,11,11,3,8,8,8,10,7,7,7,13,13,6,6,6,10,8,7,7,13,13,11,4,4,4,10,10,10,3,3,3,11,6,8,8,8
reelStrip2_2=12,12,7,9,5,13,13,7,9,12,3,3,3,3,13,13,13,7,7,12,10,10,5,5,5,9,9,7,10,10,12,12,9,9,9,13,13,7,12,7,5,10,13,9,9,7,7,7,12,3,3,10,9,9,13,13,7,12,12,5,5,10,10,10,12,7,9,9,10,5,5,12,12,1,10,7,3,3,3,13,5,9,9,7,10,10,3,3,3,3
reelStrip2_3=5,5,5,8,8,6,6,9,9,11,11,8,8,12,6,9,1,11,11,5,5,9,9,11,12,12,5,8,6,12,12,12,11,4,9,9,6,6,6,12,12,4,4,4,11,11,5,12,8,8,1,9,9,5,8,11,11,12,6,6,9,9,5,5,5,8,8,12,5,5,11,11,11,4,4,4,9,9,9,4,11,11,11,9,8,12,12
reelStrip2_4=12,12,8,9,5,13,13,7,9,10,10,4,4,4,11,13,13,7,7,12,10,10,5,5,5,9,9,6,11,3,3,10,6,6,6,13,13,7,11,7,5,8,13,6,9,12,3,3,3,3,7,7,7,8,8,11,6,12,12,4,4,8,8,11,10,7,9,9,10,5,5,11,11,1,9,6,10,8,2,11,4,9,9,7,8,8,3,3,3,3
reelStrip2_5=3,3,3,3,8,8,7,9,9,4,11,2,8,10,6,9,1,11,11,5,5,6,6,6,10,9,9,7,10,11,8,6,10,3,3,11,4,13,13,7,7,7,12,10,6,6,4,11,11,10,12,5,13,1,12,12,3,3,3,3,8,6,6,9,9,5,5,5,10,10,12,7,7,13,13,11,4,4,4,10,10,9,7,13,13,5,9,8,12,12
reelStrip2_6=12,12,8,9,5,13,13,7,9,10,10,4,4,4,11,13,13,7,7,12,10,10,5,5,5,9,9,6,11,3,3,10,6,6,6,13,13,7,11,7,5,8,13,6,9,12,3,3,3,3,8,8,7,7,7,11,6,12,12,4,4,8,8,11,10,7,9,9,10,5,5,11,11,1,9,6,10,8,2,11,4,9,9,7,8,8,3,3,3,3

reelStrip3_1=12,12,7,9,5,13,13,7,9,12,3,3,3,3,13,13,13,7,7,12,10,10,5,5,5,9,9,9,7,7,7,9,9,13,13,7,12,7,5,10,13,9,9,12,3,3,10,9,9,13,13,7,12,12,5,5,10,10,10,12,7,9,9,10,5,5,12,12,1,10,7,3,3,3,13,5,9,9,7,10,10,3,3,3,3
reelStrip3_2=5,5,5,8,8,6,6,9,9,11,11,8,8,12,6,9,1,11,11,5,5,9,9,11,12,12,5,8,8,4,9,9,6,6,6,12,12,12,4,4,4,11,11,5,12,8,8,1,9,9,5,8,11,11,12,6,6,9,9,5,5,5,8,8,12,5,5,11,11,11,4,4,4,9,9,9,4,11,11,11,9,8,12,12
reelStrip3_3=3,3,3,3,8,7,10,10,4,11,3,3,3,10,6,13,1,11,11,11,3,3,10,8,8,7,10,11,8,8,4,13,13,7,7,7,13,13,6,10,3,3,3,10,4,4,13,1,11,11,3,8,8,8,10,7,7,7,13,13,6,6,6,10,8,7,7,13,13,11,4,4,4,10,10,10,3,3,3,11,6,8,8,8
reelStrip3_4=12,12,8,9,5,13,13,7,9,10,10,4,4,4,11,13,13,7,7,12,10,10,5,5,5,9,9,6,6,6,6,13,13,7,11,7,5,8,13,6,9,12,7,7,7,3,3,3,3,8,8,11,6,12,12,4,4,8,8,11,10,7,9,9,10,5,5,11,11,1,9,6,10,8,2,11,4,9,9,7,8,8,3,3,3,3
reelStrip3_5=3,3,3,3,8,8,7,9,9,4,11,2,8,10,6,9,1,11,11,5,5,10,9,9,6,6,6,7,10,11,8,8,4,13,13,7,7,7,12,10,6,6,4,11,11,10,12,5,13,1,12,12,3,3,3,3,8,6,6,9,9,5,5,5,10,10,12,7,7,13,13,11,4,4,4,10,10,9,7,13,13,5,9,8,12,12
reelStrip3_6=12,12,8,9,5,13,13,7,9,10,10,4,4,4,11,13,13,7,7,12,10,10,5,5,5,9,9,6,6,6,6,13,13,7,11,7,5,8,13,6,9,12,7,7,7,3,3,3,3,8,8,11,6,12,12,4,4,8,8,11,10,7,9,9,10,5,5,11,11,1,9,6,10,8,2,11,4,9,9,7,8,8,3,3,3,3

reelStrip4_1=3,3,3,3,13,13,12,6,6,11,11,4,9,8,3,10,10,5,12,12,1,8,11,4,4,4,6,6,6,13,12,12,3,13,13,7,12,10,10,5,5,5,9,8,8,11,11,7,7,7,9,9,13
reelStrip4_2=9,9,7,7,7,11,11,2,8,8,9,5,5,5,10,10,12,7,6,6,6,13,13,3,12,12,4,4,4,7,8,9,1,10,11,8,1,12,12,5,10,10,3,8,9,4,11,11,6,6,12,13,13,3,3,3,3
reelStrip4_3=3,3,3,3,13,13,12,6,6,11,11,4,9,8,3,10,10,5,12,12,1,8,11,6,6,6,4,4,4,13,7,12,12,3,13,13,7,12,10,10,5,5,5,9,8,8,2,11,11,7,7,7,9,9
reelStrip4_4=9,9,7,7,7,11,11,2,8,8,9,5,5,5,10,10,12,7,6,6,6,13,13,3,4,4,4,12,12,7,8,9,1,10,11,8,1,12,12,5,10,10,3,8,9,4,11,11,6,6,12,13,13,3,3,3,3
reelStrip4_5=3,3,3,3,13,13,12,6,6,11,11,4,9,8,3,10,10,5,12,12,1,8,11,6,6,6,13,7,4,4,4,12,12,3,13,13,7,12,10,10,5,5,5,9,8,8,2,11,11,7,7,7,9,9
reelStrip4_6=9,9,7,7,7,11,11,2,8,8,9,5,5,5,10,10,12,7,6,6,6,13,13,3,12,12,7,4,4,4,8,9,1,10,11,8,1,12,12,5,10,10,3,8,9,4,11,11,6,6,12,13,13,3,3,3,3

reelStrip5_1=3,3,3,3,10,10,12,6,6,11,11,5,8,8,3,10,10,5,5,5,12,12,1,8,11,6,6,6,11,10,1,8,11,5,12,12,3,3,3,11,11,10,10,10,5,5,8,8,8,11,11,6,6,6,10,12,12
reelStrip5_2=9,9,7,7,7,13,13,4,10,10,9,4,4,4,10,10,12,7,13,13,3,12,12,4,9,9,4,9,13,13,7,7,7,13,13,1,12,12,3,10,10,10,13,12,4,9,9,3,12,12,13,13,3,3,3,3
reelStrip5_3=6,6,6,13,13,5,8,6,6,11,4,4,9,7,7,7,8,6,9,9,5,13,13,1,8,7,9,4,4,4,11,9,1,9,8,7,7,11,4,13,13,7,7,8,8,5,5,5,9,8,8,4,11,11,7,7
reelStrip5_4=9,9,7,7,7,11,11,2,8,8,9,5,5,5,10,10,13,13,3,3,12,12,12,7,8,9,9,4,13,13,6,6,6,11,4,4,4,4,8,1,12,12,5,10,10,3,3,3,11,11,11,6,6,12,13,13,3,3,3,3
reelStrip5_5=3,3,3,3,13,13,12,6,6,11,11,11,3,3,3,10,10,5,12,12,1,8,11,6,6,6,4,4,4,4,10,1,9,8,7,12,12,12,4,3,3,13,13,10,10,5,5,5,9,8,8,2,11,11,7,7,7,9,9
reelStrip5_6=9,9,7,7,7,11,11,2,8,8,9,5,5,5,10,10,13,13,3,3,12,12,12,7,8,9,9,4,13,13,6,6,6,11,8,1,9,4,4,4,12,12,5,10,10,3,3,3,11,11,11,6,6,12,13,13,3,3,3,3

reelStrip6_1=3,3,3,3,10,10,12,6,6,11,11,5,8,8,3,10,10,5,12,12,1,8,11,6,6,5,5,11,10,1,8,11,5,12,12,3,3,3,11,11,10,10,10,5,5,5,8,8,8,11,11,6,6,6,10,12,12
reelStrip6_2=6,6,6,13,13,5,8,6,6,11,4,4,9,7,7,7,8,6,9,9,5,13,13,1,8,11,5,9,4,4,4,11,9,1,9,8,7,7,11,4,13,13,7,7,8,8,5,5,5,9,8,8,4,11,11,7,7
reelStrip6_3=9,9,7,7,7,13,13,3,3,10,10,9,4,4,10,10,12,7,13,13,3,12,12,7,9,10,4,4,4,9,13,13,7,7,7,13,13,1,12,12,3,10,10,10,13,12,4,9,9,7,12,12,13,13,3,3,3,3
reelStrip6_4=9,9,7,7,7,11,11,2,8,8,9,5,5,5,10,10,13,13,3,3,12,12,12,7,8,10,10,9,4,13,13,4,4,4,4,6,6,6,11,8,1,12,12,5,10,10,3,3,3,11,11,11,6,6,12,13,13,3,3,3,3
reelStrip6_5=3,3,3,3,13,13,12,6,6,11,11,11,3,3,3,10,10,5,12,12,1,8,11,6,6,6,4,4,4,4,10,1,9,8,7,12,12,12,4,3,3,13,13,10,10,5,5,5,9,8,8,2,11,11,7,7,7,9,9
reelStrip6_6=9,9,7,7,7,11,11,2,8,8,9,5,5,5,10,10,13,13,3,3,12,12,12,7,8,10,10,9,4,13,13,6,6,6,11,8,1,10,4,4,4,12,12,5,10,10,3,3,3,11,11,11,6,6,12,13,13,3,3,3,3

reelStrip7_1=3,3,3,3,13,13,12,6,6,11,11,4,9,8,3,10,10,5,12,12,1,10,4,4,4,6,6,6,11,10,1,9,8,7,12,12,3,13,13,7,12,10,10,5,5,5,9,8,8,11,11,7,7,7,9,9,13
reelStrip7_2=9,9,7,7,7,11,11,2,8,8,9,5,5,5,10,10,12,7,13,13,3,8,2,10,10,9,4,4,4,13,13,6,6,6,11,8,7,12,12,5,10,10,3,8,9,4,11,11,6,6,12,13,13,3,3,3,3
reelStrip7_3=3,3,3,3,13,13,12,6,6,11,11,4,9,8,3,10,10,5,12,12,2,5,10,6,6,6,4,4,4,11,10,7,9,8,7,12,12,6,3,13,13,7,12,10,10,5,5,5,9,8,8,2,11,11,7,7,7,9,9
reelStrip7_4=9,9,7,7,7,11,11,2,8,8,9,5,5,5,10,10,12,7,13,13,3,8,2,10,10,9,4,4,4,13,13,6,6,6,11,8,2,12,12,5,10,10,3,8,9,4,11,11,6,6,12,13,13,3,3,3,3
reelStrip7_5=3,3,3,3,13,13,12,6,6,11,11,4,9,8,3,10,10,5,12,12,2,6,6,6,5,10,4,4,4,11,10,7,6,9,8,7,12,12,3,13,13,7,12,10,10,5,5,5,9,8,8,2,11,11,7,7,7,9,9
reelStrip7_6=9,9,7,7,7,11,11,2,8,8,9,5,5,5,10,10,12,7,13,13,3,8,2,10,10,9,4,4,4,13,13,6,6,6,11,8,2,12,12,5,10,10,3,8,9,4,11,11,6,6,12,13,13,3,3,3,3

reelStrip8_1=3,3,3,3,13,13,12,6,6,11,11,4,9,8,3,10,10,5,12,12,7,8,11,6,6,6,4,4,4,11,10,6,9,8,7,12,12,3,13,13,7,12,10,10,5,5,5,9,8,8,11,11,7,7,7,9,9,13
reelStrip8_2=9,9,7,7,7,11,11,2,8,8,9,5,5,5,10,10,12,7,13,13,7,12,12,3,3,9,10,10,9,4,4,4,13,13,6,6,6,11,8,1,12,12,4,10,10,5,8,9,2,11,11,6,6,12,13,13,3,3,3,3
reelStrip8_3=3,3,3,3,13,13,12,6,6,11,11,4,9,8,3,10,10,5,12,12,2,8,11,6,6,6,4,4,4,11,10,7,9,8,7,12,12,3,13,13,7,12,10,10,5,5,5,9,8,8,2,11,11,7,7,7,9,9
reelStrip8_4=9,9,7,7,7,11,11,2,8,8,9,5,5,5,10,10,12,7,13,13,3,12,12,7,8,9,10,10,9,4,4,4,13,13,6,6,6,11,8,2,12,12,5,10,10,3,8,9,4,11,11,6,6,12,13,13,3,3,3,3
reelStrip8_5=3,3,3,3,13,13,12,6,6,11,11,4,9,8,3,10,10,5,12,12,2,8,11,6,6,6,4,4,4,11,10,7,9,8,7,12,12,3,13,13,7,12,10,10,5,5,5,9,8,8,2,11,11,7,7,7,9,9
reelStrip8_6=9,9,7,7,7,11,11,2,8,8,9,5,5,5,10,10,12,7,13,13,3,12,12,7,8,9,10,10,9,4,4,4,13,13,6,6,6,11,8,2,12,12,5,10,10,3,8,9,4,11,11,6,6,12,13,13,3,3,3,3

reelStrip9_1=3,3,3,3,13,13,12,6,6,11,11,4,9,8,3,10,10,5,12,12,7,8,4,4,4,11,10,6,9,8,7,12,12,3,6,6,6,13,13,7,12,10,10,5,5,5,9,8,8,11,11,7,7,7,9,9,13
reelStrip9_2=9,9,7,7,7,11,11,2,8,8,9,5,5,5,10,10,12,7,13,13,3,12,2,10,10,9,4,4,4,13,13,6,6,6,11,8,2,12,12,5,10,10,3,8,9,4,11,11,6,6,12,13,13,3,3,3,3
reelStrip9_3=3,3,3,3,13,13,12,6,6,11,11,4,9,8,3,10,10,5,12,12,2,8,10,4,4,4,11,6,6,6,10,7,9,8,7,12,12,3,13,13,7,12,10,10,5,5,5,9,8,8,2,11,11,7,7,7,9,9
reelStrip9_4=9,9,7,7,7,11,11,2,8,8,9,5,5,5,10,10,12,7,13,13,7,12,2,10,10,9,4,4,4,13,13,6,6,6,11,8,1,12,12,4,10,10,5,8,9,2,11,11,6,6,12,13,13,3,3,3,3
reelStrip9_5=3,3,3,3,13,13,12,6,6,11,11,4,9,8,3,10,10,5,12,12,2,8,10,4,4,4,11,6,6,6,10,7,9,8,7,12,12,3,13,13,7,12,10,10,5,5,5,9,8,8,2,11,11,7,7,7,9,9
reelStrip9_6=9,9,7,7,7,11,11,2,8,8,9,5,5,5,10,10,12,7,13,13,3,12,2,10,10,9,4,4,4,13,13,6,6,6,11,8,2,12,12,5,10,10,3,8,9,4,11,11,6,6,12,13,13,3,3,3,3