reelStrip1=9,7,0,7,9,7,7,9,8,6,7,8,6,7,7,8,9,5,7,5,3,9,5,7,5,6,7,3,7,7,6,5,8,6,8,5,4,8,8,7,9,2,8,0,8,7,5,8,7,8,3,5,8,7,8,9,7,9,8,9,6,6,7,5,6,8,9,9,7,5,9,7,6,8,9,9,0,4,8,5,4,1,8,8,6,4,7,8,6,6,9,7,8,9,7,0,7,6,8,3,7,8,9,9,8,5,7,7,6,6,7,9,7,9,0,9,8,9,4,9,6,7,8,9,5,8,8,6,8,9,7,9,5,5,5,0,5,5,9,5,8,7,9,7,5,6,5,7,7,9,7,3,6,9,5,0,9,3,9,6,9,5,9,5,9,5,8,8,2,8,5,9,8,5,8,7,5,9,6,9,6,6,9,0,8,5,7,7,6,7,6,7,4,8,7,8,0,6,9,8,8,7,9,8,9,6,6,8,8,9,6
reelStrip2=9,8,7,8,3,7,9,6,5,6,9,9,8,9,0,9,7,5,7,6,6,9,5,7,8,8,9,7,7,0,9,8,7,9,8,6,7,7,5,5,7,3,8,6,8,8,7,7,9,6,9,9,7,8,8,7,9,5,8,6,9,5,9,1,9,7,5,9,8,0,8,3,8,5,8,7,5,9,8,9,8,5,9,7,9,6,7,8,9,0,5,6,4,8,4,7,6,3,7,6,4,8,7,3,5,2,9,6,9,9,8,8,9,5,6,8,8,4,6,0,6,5,7,8,0,7,8,8,7,7,6,9,8,9,8,5,8,9,5,9,6,5,8,7,9,9,6,6,7,5,5,6,5,7,9,7,5,9,4,9,8,6,9,9,3,8,4,6,8,7,9,6,7,9,8,7,9,7,6,7,6,6,7,8,7,0,7,8,9,8,6,6,2,7,5,9,5,0,7,5,8,7,5,0,7,5,5,7,5,8,8
reelStrip3=6,0,6,7,9,6,8,9,4,8,7,6,5,9,8,7,9,8,7,6,9,8,6,9,4,7,9,5,7,7,9,7,9,8,3,8,7,6,8,7,6,9,7,5,9,6,9,5,7,7,6,5,5,9,5,9,5,7,9,5,3,6,9,8,6,8,5,9,7,6,0,8,3,9,9,5,4,8,9,3,7,9,8,9,6,6,9,7,9,0,9,7,8,9,7,5,7,7,5,7,0,9,2,7,5,6,4,7,8,9,8,5,6,8,7,8,5,4,5,5,8,7,8,5,8,6,6,8,8,7,9,8,5,9,8,3,8,5,8,8,9,9,7,2,6,7,7,6,7,8,9,3,7,9,9,0,8,4,6,6,7,8,7,0,7,5,9,0,9,8,8,9,5,8,8,0,5,9,9,6,8,8,6,8,1,8,7,6,8,7,5,7,7,9,5,7,7,6,6,9,5,5,8,5,9,7,7,6,0,8,8
reelStrip4=7,6,4,9,8,5,8,8,7,5,6,7,7,6,6,2,6,9,9,0,8,7,7,8,6,7,3,5,1,5,9,8,5,9,8,8,5,7,8,5,7,7,6,5,4,7,9,9,8,7,9,8,6,7,0,6,9,5,6,0,9,6,9,7,8,9,9,0,5,6,8,9,7,8,6,0,7,8,6,5,8,9,0,9,8,7,7,4,7,9,8,5,8,7,9,8,5,7,6,3,5,7,5,7,4,5,4,5,9,8,8,9,8,5,6,0,6,9,5,7,6,9,7,9,7,3,8,2,9,6,6,9,8,5,5,7,9,8,9,8,7,9,7,5,7,8,0,8,9,9,8,7,5,9,9,9,7,7,8,9,7,6,9,8,5,3,8,6,8,9,5,9,3,8,7,8,8,5,7,7,9,7,5,9,6,5,6,8,6,7,6,5,9,9,3,7,9,6,7,7,8,8,4,8,0,7,6,8,8,9,6
reelStrip5=7,5,4,5,7,9,7,9,6,6,7,8,0,8,5,7,7,9,9,7,0,9,6,7,8,8,7,4,5,6,5,7,6,9,6,9,8,0,8,8,5,7,7,8,9,0,9,8,3,7,7,9,6,9,9,8,7,8,7,9,7,4,8,4,8,9,7,6,5,8,9,7,3,9,8,7,0,7,6,7,7,8,9,8,8,7,5,8,6,6,6,5,9,2,7,9,9,6,6,9,5,6,6,5,8,0,6,7,6,9,8,8,8,8,9,7,5,5,8,4,6,7,9,7,6,5,7,8,9,3,9,7,5,8,3,6,5,7,9,6,7,5,9,9,7,8,8,2,5,5,8,7,6,7,8,8,9,9,9,7,8,5,9,6,7,0,7,7,9,0,9,8,8,8,3,9,5,6,6,9,5,5,6,8,0,5,6,9,7,8,8,5,7,1,9,6,9,8,8,5,7,9,3,5,9,9,5,5,8,4,8
reelStrip6=
reelStripBonus1=7,8,9,9,8,9,9,6,3,8,7,6,5,8,9,8,7,7,7,6,5,8,5,6,7,6,8,6,7,9,4,9,7,8,5,6,5,9,9,7,8,8,9,2,6,5,5,8,8,9,8,8,6,3,6,8,7,9,7,5,7,9,9,8,6,7,8,6,0,8,6,9,5,7,9,6,3,5,7,4,8,9,7,8,8,7,6,8,9,7,6,7,8,6,3,9,7,9,8,7,8,5,6,5,7,8,7,5,9,7,7,9,7,9,4,4,8,8,3,5,5,7,5,9,9,8,2,7,6,5,8,6,7,4,6,5,8,7,8,9,5,7,8,7,6,5,5,7,8,5,9,7,8,9,4,9,5,9,5,7,5,9,8,1,8,8,6,7,7,7,8,7,6,9,3,9,5,6,7,8,7,9,6,6,9,9,8,9,5,7,5,5,7,9,9,8,9,6,8,9,9,8,7,9,5,9,8,9,6,6,7
reelStripBonus2=6,8,8,5,9,4,6,7,9,5,6,5,8,5,7,7,4,5,7,5,8,7,5,6,9,9,9,7,5,8,9,5,6,8,7,3,9,8,8,1,7,6,8,9,3,8,8,6,9,9,7,5,9,6,5,8,8,7,9,6,8,8,7,8,8,8,8,5,4,7,9,5,9,9,6,8,9,7,9,5,9,6,6,8,7,5,5,6,7,7,7,7,5,6,7,6,6,8,7,2,8,8,7,9,7,5,9,7,9,3,8,5,7,6,8,8,7,5,7,7,7,0,5,8,5,8,6,4,9,9,9,8,5,8,3,8,9,7,8,9,9,7,5,7,9,6,2,9,8,7,5,7,6,9,8,6,4,9,7,6,9,9,5,8,8,5,8,6,8,7,5,5,8,6,3,9,7,6,9,7,9,8,6,9,3,7,4,9,9,5,8,9,7,9,7,6,7,6,7,9,7,9,9,7,9,8,7,8,8,6,6
reelStripBonus3=5,8,8,6,6,5,9,8,7,8,6,8,8,9,5,6,5,7,8,2,8,6,7,5,6,9,6,6,8,9,5,9,6,7,9,6,7,4,5,9,6,7,1,9,7,9,9,8,9,9,5,9,7,7,9,4,5,8,6,6,5,7,7,9,8,5,9,5,7,7,9,7,9,5,8,9,0,7,6,8,5,7,9,7,8,5,3,8,4,5,5,3,7,8,8,9,8,6,7,8,5,6,6,3,8,9,9,8,5,7,7,8,8,6,6,9,6,5,7,8,5,8,7,8,6,4,4,9,8,9,5,7,7,7,9,8,7,7,6,7,7,8,8,7,6,8,6,8,9,8,5,8,9,8,9,9,3,9,9,9,5,8,7,7,6,4,9,6,8,5,5,9,9,9,8,3,9,7,7,9,9,8,7,7,5,6,2,7,5,9,8,7,8,6,5,7,3,9,7,9,8,8,9,7,6,7,7,5,7,8,6
reelStripBonus4=6,8,5,7,8,5,5,9,7,5,9,7,8,7,6,7,9,9,6,9,5,6,8,4,6,8,8,8,9,5,8,8,5,7,8,0,4,7,8,1,9,6,8,7,8,8,8,7,7,7,8,7,7,7,7,8,8,7,9,5,8,7,6,7,5,5,6,7,9,5,9,9,9,5,9,7,9,6,5,6,6,9,7,8,9,6,8,7,7,7,8,8,8,6,9,7,8,9,7,4,5,9,7,5,9,9,8,2,2,9,8,8,8,9,8,5,9,7,6,5,9,5,7,3,9,9,9,5,3,9,7,6,7,5,5,8,9,6,5,7,9,6,8,5,6,9,8,6,9,7,5,6,6,7,5,7,4,5,9,5,5,5,7,8,7,6,6,9,3,9,6,3,8,6,6,8,6,8,9,9,9,7,9,4,8,4,9,6,7,8,7,8,7,7,8,3,3,8,9,8,6,7,5,8,9,9,7,6,9,7,8
reelStripBonus5=5,9,7,8,8,8,7,9,6,4,7,8,6,6,7,5,8,8,6,5,9,9,7,9,8,8,8,7,9,6,7,8,9,6,7,9,6,7,5,4,6,7,8,7,8,7,9,7,7,5,5,3,6,8,9,9,8,8,9,8,7,9,9,6,9,5,8,9,4,5,6,7,7,7,5,9,5,6,7,9,6,9,9,5,7,3,8,3,8,6,5,6,8,6,9,9,9,4,7,8,9,5,9,6,8,6,5,5,7,8,7,8,8,9,5,3,6,7,5,7,5,3,7,2,7,9,8,7,9,8,8,9,5,5,9,2,8,6,8,8,6,6,6,7,7,8,7,8,9,7,7,7,8,8,3,7,6,7,5,1,6,6,8,9,4,9,6,7,7,6,9,5,7,9,7,5,7,5,5,6,9,5,5,7,9,0,9,7,4,8,5,8,7,6,9,9,7,8,8,8,9,5,8,8,8,5,9,9,8,9,9
reelStripBonus6=