reelStrip1=11,11,11,5,5,8,8,3,9,8,8,5,5,7,6,6,9,9,2,10,9,8,6,6,7,7,5,5,10,6,10,11,2,8,8,9,4,4,7,10,10,7,10,4,7,7,5,5,11,5,11,11,9,9,11,2,7,11,7,7,6,6,11,10,10,2,10,4,4,11,6,11,4,11,9,9,3,3,11,9,2,11,8,9,11,7,9,9,10,3,3,10,9,8,10,8,8,2,8,9,4,9,8,8,2,8,4,4,10,9,7,10,7,7,2,7,5,5,11,11,5,5,10,10,7,2,7,7,6,7,10,6,6,10,10,2,4,10,9,4,11,11,7,8,8,3,3,11,5,7,7,6,9,6,10,4,10,10,6,10,4,11,3,11,11,4,11,9,9,3,9,8,9,11,9,9,11,9,9,3,8,7,9,10,7,8,10,5,10,9,8,2,10,11,7,8,9,4,10,8,5,10,7,10
reelStrip2=7,7,8,8,5,5,7,7,2,8,8,11,11,3,5,9,4,11,6,11,11,9,2,6,10,3,9,6,6,8,8,11,9,9,6,6,10,10,7,5,5,10,7,11,11,11,2,9,9,5,5,7,9,6,6,7,7,4,7,7,9,6,8,2,9,8,8,3,6,9,11,10,11,2,9,9,6,10,2,10,10,6,6,4,4,7,2,7,7,4,4,6,6,10,10,2,10,10,11,11,11,3,11,10,9,5,4,9,5,3,11,8,9,2,11,3,6,10,11,7,10,2,7,8,9
reelStrip3=11,10,3,11,4,12,12,12,12,10,11,6,6,6,6,1,7,10,3,3,3,3,10,7,10,9,9,10,12,10,9,12,12,6,8,12,12,8,11,3,3,3,3,12,7,5,5,12,11,3,4,11,7,8,3,10,9,9,5,4,7,12,12,7,3,3,10,6,11,1,7,4,5,3,3,3,7,12,12,12,10,7,10,10,4,5,3,3,3,7,12,12,12,12,8,12,12
reelStrip4=7,7,12,12,12,12,6,6,11,11,11,12,12,7,7,12,12,4,4,9,9,12,6,6,6,6,12,12,10,10,12,8,8,4,4,4,12,12,12,10,8,8,8,5,5,5,5,10,10,10,12,12,12,3,3,8,8,8,12,12,9,9,9,9,11,11,11,5,5,5,5,12,12,12,12,4,4,4,4,7,7,7,7,6,6,6,12,12,9,9,12,12,12,4,4,11,11,11,12,12,6,6,6,8,8,12,12,3,3,3,3,8,8,12,12,12,7,12,12,5,5,5,5,7,7,7,12,12,8,8,8,12,12,12,10,8,12,12,12,12,8,5,6,7,3,8,5,4,8,3,6,8,3,5,6,9,11,12,12,12,7,4,7,5,8,7,3,8,5,6,3,8,10,9,6,8,4,7,11,6,5,11,6,3,8,9,7,5,9,12,12,12,12,12,12,12,12,9,5,6,9
reelStrip5=11,11,11,11,3,3,3,3,8,8,8,8,10,10,10,9,9,9,9,12,12,12,12,4,4,4,4,7,7,7,7,9,5,9,11,8,5,10,11,7,10,12,12,4,4,12,12,9,9,7,7,7,5,5,5,5,12,12,12,12,12,12,10,11,11,11,3,11,10,9,5,4,9,11,7,6,11,10,3,8,11,3,9,12,12,12,12,11,10,9,11,8,5,10,11,7,10,8,12,12,12,12,12,12,12,12,5,9,9,9,9,7,7,7,7,12,12,12,12,10,10,11,11,11,3,11,10,9,5,4,9,11,7,6,11,10,3,8,11,12,12,12,12,3,6,11,10,9,11,8,5,10,11,7,10,9,4,8,10,9,6,10,9,11,12,12,8,11,9,4,12,12,12,12,7,8,10,7,8,6,5,8,12,12,12,12,12,12,12,5,9,3,10,9,5,12,12,12,12,12,12
reelStrip6=
reelStripBonus1=11,11,11,5,5,8,10,10,2,8,8,5,5,2,6,6,8,9,8,9,8,6,6,7,7,5,5,2,6,10,5,7,11,7,7,6,6,10,11,10,2,10,4,4,11,6,11,4,11,2,9,3,3,11,9,2,11,3,9,11,3,9,10,9,3,3,10,9,2,10,8,8,8,9,4,9,8,8,2,8,4,4,10,9,7,2,7,7,7,5,5,11,2,5,5,10,10,7,2,7,7,6,7,6,6,10,10,2,4,10,9,4,11,11,3,11,2,3,3,8,5,9,7,6,2,6,10,4,10,10,6,10,4,11,3,11,11,4,11,3,2,3,9,8,9,11,9,2,11,9,9,3,8,3,9,10,7,2,10,5,10,9,8,2,10,11,7,8,9,4,10,2,5,10,7,10
reelStripBonus2=7,7,2,8,5,5,7,7,8,8,11,2,11,5,9,9,6,11,11,9,2,6,10,10,6,6,8,8,5,7,4,7,2,9,6,8,8,9,8,3,3,2,9,11,11,2,9,3,9,10,10,10,6,2,4,4,7,7,7,4,4,6,6,10,10,2,10,10,11,11,3,11,10,2,5,4,9,3,3,11,8,9,2,11,3,6,10,11,7,10,2,7,8,9
reelStripBonus3=11,10,3,11,4,12,12,12,12,10,11,6,6,6,6,1,7,10,7,3,3,3,10,7,10,9,9,12,12,12,9,10,9,1,5,4,7,12,12,7,3,3,10,6,11,1,7,4,5,3,3,3,7,12,12,12,12,12,12,12,10,7,10,12,12,12,12,10,4,5,3,3,3,7,12,12,12,12,8,12,12
reelStripBonus4=7,7,12,12,12,12,6,6,11,11,11,12,12,7,7,12,12,4,4,9,9,12,6,6,6,6,12,12,10,10,12,12,8,8,12,12,9,9,11,11,11,5,5,5,5,12,12,12,12,10,10,10,4,4,4,4,7,12,7,7,6,6,6,12,12,9,9,9,9,12,12,12,4,4,12,11,11,12,12,6,6,6,8,8,12,12,3,3,3,3,8,8,12,12,12,7,12,12,5,5,5,5,7,7,7,12,12,8,8,8,12,12,12,10,8,12,12,12,12,8,5,6,7,3,8,5,4,8,3,6,8,3,5,6,9,11,12,12,12,7,4,7,5,8,7,3,8,5,6,3,8,10,9,6,8,4,7,11,6,5,11,6,3,8,9,7,5,9,12,12,12,12,12,12,12,12,9,5,6,9
reelStripBonus5=11,11,11,11,3,3,3,3,8,8,8,8,10,10,10,9,9,9,9,12,12,12,12,4,4,4,4,7,7,7,7,12,12,12,12,12,12,12,10,11,11,11,3,11,12,9,5,4,12,11,7,6,11,10,3,8,11,3,9,12,12,12,12,11,10,9,11,8,5,10,11,7,10,8,12,12,12,12,12,12,12,12,5,5,5,5,9,9,9,12,12,7,7,7,12,12,12,12,10,10,11,11,11,3,11,10,9,5,4,9,11,7,6,11,10,3,8,11,12,12,12,12,3,6,11,10,9,11,8,5,10,11,7,10,9,4,8,10,9,6,10,9,11,12,12,8,11,9,4,12,12,12,12,7,8,10,7,8,6,5,8,12,12,12,12,12,12,12,5,9,3,10,9,5,12,12,12,12,12,12
reelStripBonus6=