reelStrip1_1=3,1,10,11,9,7,5,11,11,11,4,10,10,10,8,6,8,8,8,1,8,5,4,8,5,1,10,8,4,10,8
reelStrip1_2=11,11,11,5,7,8,4,1,10,10,10,10,11,9,3,9,9,9,6,4,10,4,9,4,10,4,10,4,6,1,9,3,9,4,3,4,9,6,9,3,10,10,1,3,8,10,3,10,1,9,6,3,6
reelStrip1_3=5,5,5,5,1,4,8,6,8,8,8,3,7,7,7,9,7,11,10,7,8,6,7,4,6,8,11,10,4,11,7,8,6,4,11,8,7,11,10,8,4,9,6,7,8,11,7,4,9,11,8,6,8,11,7,8
reelStrip1_4=4,9,7,10,10,10,6,3,3,3,10,8,7,7,7,1,11,3,5,6,6,6,10,7,11,10,5,6,10,7,10,1,7,6,3,6,3,7,10
reelStrip1_5=7,8,5,10,3,9,11,8,8,8,4,9,9,9,6,1,4,4,4,7,7,7,11,11,11,8,11,9,3,1,8,3,9,6,8,6,9,6,9,11,9,11,8,6,4,9,8,9,1,8,9,8,9,4,11,9,8,6,8,9,8
reelStrip1_6=6,6,6,6,9,9,9,11,5,8,3,10,10,10,7,4,10,11,11,11,9,1,4,4,4,8,10,9,11,4,8,11,4,10,11,9,5,8,4,8,4,10,9,4,9,5,9,11,7,11,9

reelStrip2_1=6,5,8,3,11,1,7,10,4,9,5,10,4,9,10,9,7,10,5,9,5,10,7,10,4,10,7,4,5,9,5,10
reelStrip2_2=5,1,6,7,8,10,9,3,4,11,8,9,4,7,9,4,6,8,11,3,6,10,3,9,8,10,8,11,6,9,1,7,6,7,11,6,11,4,11,7,11,9,6,4,8,3,11,1,9,7,10,11,4,11,3,4,9,11,9,8
reelStrip2_3=10,1,8,11,9,5,6,4,3,7,8,11,6,11,4,11,6,7,5,8,7,11,3
reelStrip2_4=10,4,5,8,8,8,1,8,3,7,11,9,6,9,3,8,4,7,8,3,8,3,9,1,9,7,8,9,8,11,9,1,9,7,8,11,3,7,8,1,7,8
reelStrip2_5=3,9,8,6,5,10,11,1,4,7,4,5,4,1,4,8,5,4,5,7,5,9,11,10,5,10,6,10,4,10,7,5,10,6,7,9,10,5,10,7,1,11,5,10,9,4,8,10,1,4,5,4,10
reelStrip2_6=9,9,9,9,3,1,8,4,10,7,5,11,6,3,8,3,4,3,5,8,3,11,3,5,3,11,3,11,3,1,3,5,3,7,4,5,3,5,8,11

reelStrip3_1=4,5,7,11,11,11,6,9,10,10,10,3,8,8,8,8,10,11,12,10,8,6,11,6,11,6,10,11
reelStrip3_2=6,9,9,9,12,10,11,11,11,4,9,7,5,4,4,4,8,11,3,10,10,10,3,8,7,11,9,11,3,11,4,8,3,4,9,12,8,11,9,11,9,12,11,10,3,9,12,9,8,10,4,11,9,12,7,9,7,8,11,4
reelStrip3_3=8,8,8,7,5,5,5,5,7,7,7,12,4,11,3,6,9,8,10,7,5,10,5,12,7,10,7,3,10,7,5,7,11,10,6,5,10,5,7,12,10,12,11,10,3,5,10,5,11,5,7,10,5,11,5,7,12,3,7,3,7,10
reelStrip3_4=12,6,6,6,8,6,10,11,7,7,7,7,9,3,3,3,3,4,5,10,10,10,6,10,3,10
reelStrip3_5=12,10,8,9,11,11,11,11,5,6,7,9,9,9,3,4,8,8,8,7,7,7,4,4,4,9,11,9,7,9,7,6
reelStrip3_6=4,4,4,4,8,11,11,11,12,7,10,10,10,9,5,3,10,6,11,6,6,6,9,9,9,7,5,6,10,6,5,9,10,12,6,3,7,10,11,10,7,9,12,6

reelStrip4_1=8,8,8,7,9,10,10,10,11,8,11,11,11,4,12,6,1,5,3,10,10,9,10,11,10,11,1,11,10,11,4,11,6,12,11,10,11,10
reelStrip4_2=4,9,9,9,9,6,11,11,11,1,3,10,10,10,5,12,8,10,7,11,12,1,8,9,11,12,9,11,10,12,9,6,9,11,5,12,9,11,12,11,12,9,11,10,11,5,9,1,10,9,11,5,11,5,12,9,11,5,1,12,9,11
reelStrip4_3=5,5,5,6,8,8,8,12,7,7,7,8,7,10,4,11,3,5,9,1,11,9,7
reelStrip4_4=1,5,12,6,6,6,4,7,7,7,9,11,3,3,3,10,10,10,10,8,6,3,7,6,9,3,10,3,9,7,11,3,10,9,10,6,11,10,7,3,6,3,6,7,10,6,3,8,3,9,7,10
reelStrip4_5=4,1,7,11,11,11,10,8,9,9,9,6,9,11,12,3,5,8,8,8,7,7,7,4,4,4,1,7,9,5,9,7,12,6,8,12,9,8,11,7,8,10,11,8,11,7
reelStrip4_6=10,6,5,9,6,6,6,1,4,8,7,12,3,11,9,9,9,10,10,10,4,4,4,11,11,11,4,5,3,6,1

reelStrip5_1=10,11,11,11,8,10,10,10,7,8,8,8,3,11,4,9,6,12,5,7,8,11,8,11,7,8,11,4,11,4,7,8,5,8,7,6,7,11
reelStrip5_2=3,10,10,10,11,9,9,9,4,12,11,11,11,5,7,8,6,10,9,10,11,9,11,10,6,10,9,11,9,10,11,5
reelStrip5_3=5,11,8,8,8,9,12,7,7,7,6,3,5,5,5,7,8,4,10,7,12,8,7,6,7,10,8,12,7,8,12,11,7,8,10,8,7
reelStrip5_4=6,6,6,5,10,6,11,10,10,10,8,7,4,12,3,7,7,7,9,3,3,3,8,12,10,7,3,9,3,4,3,8,7,5,3,10,4,10,3,5,3,10,12,11,7,10,3
reelStrip5_5=5,7,9,9,9,3,12,6,10,11,4,8,9,11,11,11,8,8,8,4,4,4,7,7,7,9,6,7,11,4,10,12,11,8,9,7,4,3,4,7,9,4,11,4,12,9,4,12
reelStrip5_6=9,10,10,10,6,4,4,4,12,7,5,6,6,6,8,4,9,9,9,11,10,3,11,11,11,7,4,8,4,12,7,11,3,11,12,6,11,5,3,7,5,10,12,4,10,5,12,10,6,11

reelStrip6_1=10,10,10,9,10,7,12,4,3,5,5,5,5,11,8,6,6,6,6,4,4,4,3,3,3,7,7,7,9,9,9,8,8,8,11,11,11,4,5,6,5,4,3,7,6,3,7,4,6,4,5,3,11,5,6,5,4,6,3,5,4,6,4,3,11,4,5,4,5,4,5,7,5,11,4,11,3,4,6,7,6,9,12
reelStrip6_2=4,4,4,9,5,10,9,9,9,11,11,11,11,3,6,6,6,7,6,3,3,3,4,7,7,7,12,8,8,8,8,10,10,10,5,5,5,3,5,6,3
reelStrip6_3=10,6,6,6,11,8,5,9,6,4,12,3,7,7,7,7,3,3,3,5,5,5,9,9,9,10,10,10,8,8,8,11,11,11,4,4,4,3,5,3,9,6,3,6,8,5,11,4,7,4,3,11,6,5,11,3,6,9,3,11,3,5,11,4,9,6,3,4,6,5,3,7,5,7,11,8,4,11,6,3,5,4
reelStrip6_4=5,12,3,3,3,10,4,6,8,7,11,9,3,9,9,9,7,7,7,8,8,8,5,5,5,10,10,10,11,11,11,6,6,6,4,4,4,8,4,3,10,11,3,10,9,10,3,6,8,10,9,11,9,6,9,8,3,4,8,11,10,8,11,8,11,3,9,3,9,8,10,7,9,8,10,8,11,8,7,3,4,3,11,3,8,6,10,3,4,3,8
reelStrip6_5=3,7,7,7,7,9,5,3,3,3,6,4,12,10,10,10,8,10,9,9,9,11,11,11,11,4,4,4,6,6,6,5,5,5,8,8,8,9,4
reelStrip6_6=8,4,3,3,3,3,5,6,6,6,11,9,9,9,7,6,8,8,8,9,10,10,10,12,10,11,11,11,5,5,5,7,7,7,4,4,4,11,4,6,9,3,5,3,7,3,12,5,3,9,11,3,9,6,4,6,3,4,3,5,4,5,7,4,11,3,7,5,3,9,6,9,4,12

reelStrip7_1=7,8,4,9,3,6,11,10,5,6,10,6,11,3,5,6,10,6,3,10,11,8,4,11,6,10,4,8,3,6,9
reelStrip7_2=10,9,4,3,6,8,7,5,11,5,11,4,3,4
reelStrip7_3=11,5,3,6,9,10,8,7,4,9,3,9,4,9
reelStrip7_4=4,7,5,6,9,3,8,11,10,8,10,8,10,5,10,9,10
reelStrip7_5=11,9,7,8,10,4,5,6,3,8,9,5,7,9,5,4,10,6,4
reelStrip7_6=10,4,5,8,6,7,3,11,9,8,3

reelStrip8_1=7,3,10,5,9,4,8,1,11,6,4,11,3,4,9,4,8,10,8,10,9,8,3,4,11,4
reelStrip8_2=10,9,4,8,11,1,5,3,7,6,9,5,11,6,11,7,11,8,7,11,6,7,9,3,11,4,7,8,6
reelStrip8_3=8,6,7,5,11,9,10,1,4,11,11,11,3,6,7,3,7,3,11,7,5,11,5,10,4
reelStrip8_4=4,8,11,9,7,3,1,6,5,10,7,8,10,1,5,10,6,10,1,7,6,10,8,6,10,6,7,10,8,6,7,10,6,10,7,1,6,10,8,7,8,10,6,10,11,6,10,8,6,11,7,10,6,7,6
reelStrip8_5=4,11,3,6,7,1,10,8,9,5,3,10,1,3,7,10,7,11,3,5,7,10,1,3,10,3,10,7
reelStrip8_6=9,9,9,11,8,9,7,5,3,1,10,6,4,8,3,11,8,5
