reelStrip1=8,10,3,3,3,3,11,9,8,8,6,6,5,5,7,7,4,4,4,4,9,6,6,13,13,13,10,12,5,5,11,8,8,7,7,8,11,9,10,6,6,6,6,10,12,4,4,4,4,9,3,3,3,3,13,13,13,13,13,5,5,5,5,11,8,8,8,8,7,7,7,7
reelStrip2=11,10,9,12,5,5,7,7,6,6,2,2,2,11,9,7,7,3,3,3,3,10,8,8,6,6,13,13,13,13,4,4,4,4,5,5,8,8,8,11,13,13,13,13,3,3,3,3,10,9,2,12,7,7,7,7,6,6,6,6,2,2,2,10,4,4,4,4,5,5,5,5,9,8,8,8,8,11
reelStrip3=8,10,6,6,7,7,3,3,3,3,11,9,5,5,8,8,13,13,13,13,6,6,2,2,2,11,4,4,4,4,5,5,12,9,8,8,10,7,7,2,10,4,4,4,4,5,5,5,5,9,8,8,8,8,11,10,9,12,10,5,5,11,8,8,7,7,8,11,9,10
reelStrip4=8,11,13,13,13,13,3,3,3,3,10,9,12,7,7,7,7,6,6,6,6,2,2,2,10,4,4,4,4,5,5,5,5,9,8,8,8,8,11,10,9,12,5,5,7,7,6,6,2,11,9,7,7,3,3,3,3,10,8,8,6,6,13,13,13,13,4,4,4,4,5,5,8,8
reelStrip5=8,11,9,10,6,6,6,6,2,2,2,10,12,4,4,4,4,9,3,3,3,3,13,13,13,13,13,5,5,5,5,11,8,8,8,8,7,7,7,7,8,10,3,3,3,3,11,9,8,8,6,6,5,5,7,7,4,4,4,4,9,6,6,13,13,13,10,12,5,5,11,8,8,7,7
reelStrip6=
reelStripBonus1=8,10,3,3,3,3,11,9,8,8,6,6,5,5,7,7,4,4,4,4,9,6,6,13,13,13,10,12,5,5,11,8,8,7,7,8,11,9,10,6,6,6,6,2,2,2,2,10,16,16,16,16,12,9,13,13,13,13,13,5,5,5,5,11,15,15,15,15,8,8,8,8,7,7,7,7
reelStripBonus2=11,10,9,12,5,5,7,7,6,6,2,2,11,15,15,15,15,9,7,7,16,16,16,16,10,8,8,6,6,13,13,13,13,5,5,8,8,13,13,10,16,16,16,16,9,12,7,7,7,7,6,6,6,6,15,15,15,15,2,2,2,2,10,5,5,5,5,9,8,8,8,8,11
reelStripBonus3=8,10,16,16,16,16,6,6,7,7,11,9,15,15,15,15,5,5,8,8,13,13,13,13,6,6,2,2,11,5,5,12,9,8,8,10,7,7,2,2,10,5,5,5,5,9,8,8,8,8,11,10,9,10,8,8,6,6,13,13,13,13,5,5,8,8
reelStripBonus4=8,11,13,13,13,13,10,16,16,16,16,9,12,7,7,7,7,6,6,6,6,15,15,15,15,2,2,2,2,10,5,5,5,5,9,8,8,8,8,11,10,9,12,5,5,7,7,6,6,2,2,11,15,15,15,15,9,7,7,16,16,16,16,10,8,8,6,6,13,13,13,13,5,5,8,8
reelStripBonus5=8,11,9,10,6,6,6,6,2,2,2,2,10,16,16,16,16,12,9,13,13,13,13,13,5,5,5,5,11,15,15,15,15,8,8,8,8,7,7,7,7,8,10,3,3,3,3,11,9,8,8,6,6,5,5,7,7,4,4,4,4,9,6,6,13,13,13,10,12,5,5,11,8,8,7,7
reelStripBonus6=