reelStrip1=5,1,8,8,8,4,7,7,7,3,6,6,6,3,5,1,9,9,9,4,7,6,5
reelStrip2=3,8,4,3,4,9,1,6,6,6,7,7,7,5,3,8,8,8,9,9,9,1,7,4,7,5,8
reelStrip3=3,8,4,3,4,9,1,6,6,6,7,7,7,5,3,8,8,8,9,9,9,1,7,4,7,5,8
reelStrip4=3,8,4,3,4,9,1,6,6,6,7,7,7,5,3,8,8,8,9,9,9,1,7,4,7,5,8
reelStrip5=3,8,4,3,4,9,1,6,6,6,7,7,7,5,3,8,8,8,9,9,9,1,7,4,7,5,8
reelStrip6=
reelStripBonus1=5,6,5,11,4,6,6,11,3,3,4,5,3,4,11,5,3,3,11,6,6,4
reelStripBonus2=3,5,6,6,11,11,11,2,2,2,11,4,3,5,4,2,1,3,6,6,4,5,2,2,2,11,11,11,5,3,2,4,1,5,2,3
reelStripBonus3=6,2,2,2,2,6,4,4,5,6,4,1,5,2,11,11,11,2,3,5,11,4,2,2,2,2,4,3,3,2,5,4,6,1,3,11,3,2,6,11
reelStripBonus4=4,5,1,5,6,11,11,11,2,2,2,3,6,3,4,4,1,11,5,3,4,6,1,2,4,2,2,2,11,4,3,5,4,4,2,11,4,1
reelStripBonus5=2,2,2,6,5,4,3,2,6,3,6,3,11,5,6,4,2,2,2,5,3,6,4,2,5,3,5,4,11,3,4,6
reelStripBonus6=