reelStrip1=11,5,9,7,4,6,10,5,0,8,10,7,11,9,5,3,7,9,2,8,3,5,4,7,1,5,10,8,4,5,8,3,6,11,1,2,3,10,10,10,0,1,2,9,9,9,1,2,0,3,8,,8,,8,1,3,0,7,7,7,0,4,1,2,6,6,6,0,3,4,1,5,5,5
reelStrip2=6,9,7,0,10,4,6,9,2,8,6,1,5,8,0,9,5,3,6,1,7,10,3,8,4,6,11,7,5,7,2,11,1,2,3,10,10,10,0,1,2,9,9,9,1,2,0,3,8,,8,,8,1,3,0,7,7,7,0,4,1,2,6,6,6,0,3,4,1,5,5,5
reelStrip3=8,5,4,7,9,0,6,10,7,3,5,8,6,7,11,8,9,4,8,1,9,6,3,6,9,0,5,10,8,3,6,9,7,2,11,1,2,3,10,10,10,0,1,2,9,9,9,1,2,0,3,8,,8,,8,1,3,0,7,7,7,0,4,1,2,6,6,6,0,3,4,1,5,5,5
reelStrip4=1,7,10,8,4,5,10,6,2,7,5,3,6,9,1,7,10,8,4,5,10,6,0,9,7,10,6,4,9,8,11,5,10,6,5,7,10,5,9,11,8,7,3,8,6,0,9,8,2,5,9,3,8,6,4,7,8,3,5,2,7,9,6,11,1,2,3,10,10,10,0,1,2,9,9,9,1,2,0,3,8,,8,,8,1,3,0,7,7,7,0,4,1,2,6,6,6,0,3,4,1,5,5,5
reelStrip5=1,7,8,3,5,10,6,2,7,9,8,4,5,10,6,11,7,10,5,4,6,9,2,7,10,8,0,5,9,6,4,5,8,3,7,10,6,9,8,10,7,4,5,9,6,3,7,9,1,5,10,6,4,8,7,3,5,2,6,10,8,3,9,6,11,1,2,3,10,10,10,0,1,2,9,9,9,1,2,0,3,8,,8,,8,1,3,0,7,7,7,0,4,1,2,6,6,6,0,3,4,1,5,5,5
reelStrip6=
reelStripBonus1=11,5,9,7,4,6,10,5,0,8,10,7,12,9,5,3,7,9,2,8,3,5,4,7,1,5,10,8,4,5,8,3,6,12,1,2,3,10,10,10,0,1,2,9,9,9,1,2,0,3,8,,8,,8,1,3,0,7,7,7,0,4,1,2,6,6,6,0,3,4,1,5,5,5
reelStripBonus2=6,9,7,0,10,4,6,9,2,8,6,1,5,8,0,9,5,3,6,1,7,10,3,8,4,6,12,7,5,7,2,12,1,2,3,10,10,10,0,1,2,9,9,9,1,2,0,3,8,,8,,8,1,3,0,7,7,7,0,4,1,2,6,6,6,0,3,4,1,5,5,5
reelStripBonus3=8,5,4,7,9,0,6,10,7,3,5,8,6,7,12,8,9,4,8,1,9,6,3,6,9,0,5,10,8,3,6,9,7,2,12,1,2,3,10,10,10,0,1,2,9,9,9,1,2,0,3,8,,8,,8,1,3,0,7,7,7,0,4,1,2,6,6,6,0,3,4,1,5,5,5
reelStripBonus4=1,7,10,8,4,5,10,6,2,7,5,3,6,9,1,7,10,8,4,5,10,6,0,9,7,10,6,4,9,8,12,5,10,6,5,7,10,5,9,12,8,7,3,8,6,0,9,8,2,5,9,3,8,6,4,7,8,3,5,2,7,9,6,12,1,2,3,10,10,10,0,1,2,9,9,9,1,2,0,3,8,,8,,8,1,3,0,7,7,7,0,4,1,2,6,6,6,0,3,4,1,5,5,5
reelStripBonus5=1,7,8,3,5,10,6,2,7,9,8,4,5,10,6,12,7,10,5,4,6,9,2,7,10,8,0,5,9,6,4,5,8,3,7,10,6,9,8,10,7,4,5,9,6,3,7,9,1,5,10,6,4,8,7,3,5,2,6,10,8,3,9,6,12,1,2,3,10,10,10,0,1,2,9,9,9,1,2,0,3,8,,8,,8,1,3,0,7,7,7,0,4,1,2,6,6,6,0,3,4,1,5,5,5
reelStripBonus6=