reelStrip1=11,5,9,8,4,3,2,7,11,10,2,1,6,11,10,3,2,5,8,11,10,9,8,11,10,9,8,7,12,3,6,9,8,11,10,5,4,1,6,1,9,6,5,10,1,11,10,9,1,11,10,9,8,11,10,9,8,5,4,7,2,4,9,8,7,11,10,9,8,7,11,10,5,4,9,3,1,8,9,10,1,4,6,12,11,10,7,6,8,4,3,2,9,11,10,9,10,6,1,3,2,7,10,5,11,4,6,7,12,9,2,8,7,9,6,10,5,4,3,4,3,2,1,6,5,11,1,10,2,9,3,8,4,7,5,12,4,3,2,3,1,4,5,6,7,11,10,9,8,11,10,9,8
reelStrip2=9,10,6,0,1,0,0,11,10,9,8,11,10,9,8,3,2,7,12,10,5,11,4,6,7,9,2,8,7,9,6,10,5,0,12,4,3,6,1,9,6,5,10,1,11,10,9,1,5,4,7,2,4,9,8,7,11,10,9,8,0,7,11,10,5,4,9,3,1,8,9,10,1,4,6,11,10,7,6,8,12,4,3,2,9,11,10,4,3,2,1,6,5,4,0,0,0,0,0,3,2,3,1,4,5,6,7,11,5,9,12,8,4,3,2,7,11,10,2,1,6,11,0,10,3,2,5,8,12,7,3,6,9,8,11,10,9,8,11,10,9,8,10,5,4,1
reelStrip3=1,4,0,5,6,7,12,11,5,9,8,4,3,2,7,11,10,2,1,6,11,10,12,3,0,0,0,0,0,2,5,8,7,3,6,9,8,11,10,5,4,1,9,0,10,6,1,3,2,7,10,5,11,4,12,6,7,0,9,2,8,7,9,6,10,5,4,3,6,1,9,6,5,10,1,11,10,0,0,0,0,9,1,5,4,7,2,4,9,8,7,11,10,9,8,7,11,10,5,0,4,9,3,1,8,12,9,10,1,4,6,11,10,7,6,0,8,4,3,2,9,11,10,4,3,2,1,6,5,4,3,2,3
reelStrip4=4,0,0,0,0,0,3,6,1,9,0,6,12,5,10,1,11,10,9,1,5,4,7,12,2,4,9,8,0,0,7,11,10,9,8,7,11,10,5,4,12,9,3,1,8,9,10,6,1,3,2,7,10,5,11,4,0,6,7,9,2,8,11,10,0,3,2,5,8,0,7,0,3,6,9,8,11,10,5,4,12,1,7,9,6,10,5,9,10,1,4,6,11,10,7,0,0,0,0,0,0,6,8,4,3,2,9,11,10,4,3,2,1,6,5,4,3,2,3,1,4,0,0,5,6,7,11,5,9,8,4,3,12,2,7,11,10,2,1,6
reelStrip5=7,2,12,4,9,8,7,11,10,9,8,7,11,10,5,4,9,3,1,8,9,10,1,4,12,6,3,2,5,8,7,3,6,9,8,11,10,5,4,11,10,9,8,7,11,10,9,8,7,1,12,9,10,6,1,3,2,7,10,5,11,12,4,6,11,10,7,6,8,4,3,2,9,11,10,4,3,2,1,6,5,4,3,2,3,1,4,5,6,7,11,5,9,8,4,3,12,2,7,11,10,11,10,9,8,7,11,10,9,8,7,2,1,6,11,10,7,9,2,8,7,9,12,6,10,5,4,3,6,1,9,6,5,10,1,11,1,10,9,8,7,11,10,9,8,7,10,9,1,5,4
reelStrip6=
reelStripBonus1=11,5,9,8,4,3,2,7,11,10,2,1,6,11,10,3,2,5,8,11,10,9,8,11,10,9,8,7,12,3,6,9,8,11,10,5,4,1,6,1,9,6,5,10,1,11,10,9,1,11,10,9,8,11,10,9,8,5,4,7,2,4,9,8,7,11,10,9,8,7,11,10,5,4,9,3,1,8,9,10,1,4,6,12,11,10,7,6,8,4,3,2,9,11,10,9,10,6,1,3,2,7,10,5,11,4,6,7,12,9,2,8,7,9,6,10,5,4,3,4,3,2,1,6,5,11,1,10,2,9,3,8,4,7,5,12,4,3,2,3,1,4,5,6,7,11,10,9,8,11,10,9,8
reelStripBonus2=9,10,6,0,1,0,0,11,10,9,8,11,10,9,8,3,2,7,12,10,5,11,4,6,7,9,2,8,7,9,6,10,5,0,12,4,3,6,1,9,6,5,10,1,11,10,9,1,5,4,7,2,4,9,8,7,11,10,9,8,0,7,11,10,5,4,9,3,1,8,9,10,1,4,6,11,10,7,6,8,12,4,3,2,9,11,10,4,3,2,1,6,5,4,0,0,0,0,0,3,2,3,1,4,5,6,7,11,5,9,12,8,4,3,2,7,11,10,2,1,6,11,0,10,3,2,5,8,12,7,3,6,9,8,11,10,9,8,11,10,9,8,10,5,4,1
reelStripBonus3=1,4,0,5,6,7,12,11,5,9,8,4,3,2,7,11,10,2,1,6,11,10,12,3,0,0,0,0,0,2,5,8,7,3,6,9,8,11,10,5,4,1,9,0,10,6,1,3,2,7,10,5,11,4,12,6,7,0,9,2,8,7,9,6,10,5,4,3,6,1,9,6,5,10,1,11,10,0,0,0,0,9,1,5,4,7,2,4,9,8,7,11,10,9,8,7,11,10,5,0,4,9,3,1,8,12,9,10,1,4,6,11,10,7,6,0,8,4,3,2,9,11,10,4,3,2,1,6,5,4,3,2,3
reelStripBonus4=4,0,0,0,0,0,3,6,1,9,0,6,12,5,10,1,11,10,9,1,5,4,7,12,2,4,9,8,0,0,7,11,10,9,8,7,11,10,5,4,12,9,3,1,8,9,10,6,1,3,2,7,10,5,11,4,0,6,7,9,2,8,11,10,0,3,2,5,8,0,7,0,3,6,9,8,11,10,5,4,12,1,7,9,6,10,5,9,10,1,4,6,11,10,7,0,0,0,0,0,0,6,8,4,3,2,9,11,10,4,3,2,1,6,5,4,3,2,3,1,4,0,0,5,6,7,11,5,9,8,4,3,12,2,7,11,10,2,1,6
reelStripBonus5=7,2,12,4,9,8,7,11,10,9,8,7,11,10,5,4,9,3,1,8,9,10,1,4,12,6,3,2,5,8,7,3,6,9,8,11,10,5,4,11,10,9,8,7,11,10,9,8,7,1,12,9,10,6,1,3,2,7,10,5,11,12,4,6,11,10,7,6,8,4,3,2,9,11,10,4,3,2,1,6,5,4,3,2,3,1,4,5,6,7,11,5,9,8,4,3,12,2,7,11,10,11,10,9,8,7,11,10,9,8,7,2,1,6,11,10,7,9,2,8,7,9,12,6,10,5,4,3,6,1,9,6,5,10,1,11,1,10,9,8,7,11,10,9,8,7,10,9,1,5,4
reelStripBonus6=