reelStrip1=11,6,13,8,8,9,1,4,10,3,10,9,6,12,13,5,11,5,7,12
reelStrip2=7,3,7,11,13,10,12,6,2,2,2,4,8,1,9,7,5,2,12,4
reelStrip3=6,7,3,11,9,1,9,9,12,4,5,2,2,2,2,2,13,8,6,4,11,10
reelStrip4=10,2,2,2,2,4,2,8,13,10,7,6,13,2,8,11,11,13,4,12,5,10,1,3,12,9
reelStrip5=10,12,2,2,2,2,2,2,2,2,4,5,10,8,13,8,6,9,1,9,11,11,2,3,1,3,7,12
reelStrip6=
reelStripBonus1=6,12,8,1,7,8,11,10,10,12,9,11,3,9,5,4,5,13
reelStripBonus2=7,9,13,10,2,2,2,2,2,14,14,14,14,14,6,7,11,12,5,12,3,14,8,1,2,4,14,4,14,2
reelStripBonus3=2,2,2,2,2,2,2,1,2,6,2,14,14,14,4,8,9,14,2,4,11,13,12,11,10,9,2,5,2,3,2,7,2,6,9,14,7
reelStripBonus4=9,13,6,10,10,2,2,2,2,2,2,2,14,14,14,14,14,14,14,14,14,14,14,14,11,14,14,12,13,12,2,14,4,5,3,14,11,2,8,13,4,14,10,1,1,7
reelStripBonus5=8,10,1,3,9,2,2,2,2,2,2,2,14,14,14,14,14,14,14,14,2,2,3,10,5,12,4,1,2,9,8,13,6,12,11,2,7,14,14
reelStripBonus6=