reelStrip1=7,4,6,10,10,9,5,6,3,6,9,11,11,11,7,8,5,10,5,6,8,4,10,3,7,6,11,9,7,4,4,9,10,10,5,5,10,7,8,8,11,6,3,6,6
reelStrip2=8,6,9,2,2,2,7,9,10,5,4,9,6,4,5,8,10,11,11,11,3,7,9,4,9,6,1,9,10,8,5,5,8,3,4,8,9,4,1,7,2,2,2,2,2,10,9,6
reelStrip3=9,2,2,2,4,3,5,8,11,11,11,7,4,5,8,10,8,6,2,7,5,2,1,3,10,8,10,8,6,8,1,2,2,2,2,2,2,3,5,11,8,4,11,8,2,10,9,3,7,2,8,4,5,6
reelStrip4=11,11,10,5,7,4,7,7,8,9,2,2,2,7,5,3,2,3,4,10,3,8,4,6,10,6,6,7,3,7,11,3,5,10,8,7,8,7,2,2,2,2,2,2,2,2,1,9,10,6,6,10,4,7,4,3,5,11,8,6,9,1,2,7
reelStrip5=3,8,4,7,10,3,2,2,2,5,6,6,4,6,7,4,10,7,11,11,11,9,3,7,10,6,8,5,9,10,5,6,10,3,7,6,5,3,4,11,8,8,4,5,3,6,10,2,2,2,2,7,9,10,7,7,10,9,5,4,6,11
reelStrip6=
reelStripBonus1=5,6,5,11,4,6,6,11,3,3,4,5,3,4,11,5,3,3,11,6,6,4
reelStripBonus2=3,5,6,6,11,11,11,2,2,2,11,4,3,5,4,2,1,3,6,6,4,5,2,2,2,11,11,11,5,3,2,4,1,5,2,3
reelStripBonus3=6,2,2,2,2,6,4,4,5,6,4,1,5,2,11,11,11,2,3,5,11,4,2,2,2,2,4,3,3,2,5,4,6,1,3,11,3,2,6,11
reelStripBonus4=4,5,1,5,6,11,11,11,2,2,2,3,6,3,4,4,1,11,5,3,4,6,1,2,4,2,2,2,11,4,3,5,4,4,2,11,4,1
reelStripBonus5=2,2,2,6,5,4,3,2,6,3,6,3,11,5,6,4,2,2,2,5,3,6,4,2,5,3,5,4,11,3,4,6
reelStripBonus6=