reelStrip1=5,7,4,6,5,0,8,7,10,5,3,7,2,8,3,5,4,7,1,1,1,1,5,8,4,5,8,3,6,10,1,2,3,0,0,0,0,9,1,2,1,2,0,3,8,8,8,1,3,0,7,7,7,0,4,1,2,6,0,3,4,1,5,5,4
reelStrip2=6,7,0,4,6,2,2,8,6,1,5,8,0,5,3,6,1,7,3,3,3,3,8,4,6,7,9,5,7,2,1,2,3,0,1,2,2,2,2,1,2,0,3,9,8,11,8,8,1,3,0,7,7,7,0,4,1,2,6,0,3,4,1,5,5,3
reelStrip3=9,5,5,5,5,4,7,11,0,6,7,3,5,8,9,6,7,10,8,4,4,4,4,8,1,6,3,6,0,5,8,3,6,7,2,10,1,2,3,0,1,2,1,2,0,3,8,8,8,1,3,0,9,7,0,4,1,2,6,0,3,4,1,5,5,2
reelStrip4=1,7,8,4,5,6,2,7,5,3,6,6,6,6,1,7,8,4,5,6,0,7,6,4,8,5,6,9,5,7,11,5,8,7,3,8,6,0,8,2,5,3,8,6,4,7,7,7,7,8,3,5,2,7,6,1,2,3,0,1,2,9,1,2,0,3,8,8,8,1,3,0,7,7,7,0,4,1,2,6,6,6,0,3,4,1,5,5,1
reelStrip5=1,7,8,3,5,6,2,7,8,4,5,6,10,7,5,4,6,2,7,8,0,5,6,4,5,8,3,7,6,8,7,4,5,12,6,3,7,1,5,6,4,8,7,3,5,2,6,8,3,6,10,1,2,3,0,1,2,1,2,0,3,8,8,8,1,3,0,7,7,7,0,4,1,2,6,6,6,0,3,4,1,5,5,0
reelStrip6=
reelStripBonus1=5,7,4,6,5,0,8,7,10,5,3,7,2,8,3,5,4,7,1,1,1,1,5,8,12,4,5,8,3,6,10,1,2,3,0,0,0,0,9,1,2,1,2,0,3,8,8,8,1,3,0,7,7,7,0,4,1,2,6,0,3,4,1,5,5,4
reelStripBonus2=6,7,0,4,6,2,2,8,6,1,5,8,0,5,3,6,1,7,3,3,3,3,8,4,6,7,9,5,7,2,1,2,3,0,1,2,2,2,2,1,2,0,3,9,12,8,11,8,8,1,3,0,7,7,7,0,4,1,2,6,0,3,4,1,5,5,3
reelStripBonus3=9,5,5,5,5,4,7,11,0,6,7,3,5,8,9,6,7,10,8,4,4,4,4,8,1,6,3,12,6,0,5,8,3,6,7,2,10,1,2,3,0,1,2,1,2,0,3,8,8,8,1,3,0,9,7,0,4,1,2,6,0,3,4,1,5,5,2
reelStripBonus4=1,7,8,4,5,6,2,7,5,3,6,6,6,6,1,7,8,4,5,6,0,7,6,4,8,5,6,9,5,7,11,5,8,7,3,8,6,0,8,2,5,3,8,6,4,7,7,7,7,8,3,5,2,7,6,1,2,3,0,1,2,9,1,2,0,3,8,8,8,1,3,12,0,7,7,7,0,4,1,2,6,6,6,0,3,4,1,5,5,1
reelStripBonus5=1,7,8,3,5,6,2,7,8,4,5,6,10,7,5,4,6,2,7,8,0,5,6,4,5,8,3,7,6,8,7,4,5,12,6,3,7,1,5,6,4,8,7,3,5,2,6,8,3,6,10,1,2,3,0,1,2,1,2,0,3,8,8,8,1,3,0,7,7,7,0,4,1,2,6,6,6,0,3,4,1,5,5,0
reelStripBonus6=