reelStrip1=6,4,10,9,4,5,8,7,6,9,7,11,10,11,11,9,10,6,9,5,3,10,7,4,10,5,8,6,10,9,5,3,9,10,3,6,7,8,5,10,8,11,9,11,11,10,9,5,10,6,4,9,8,3,9,6,7,5,9,10
reelStrip2=2,9,3,7,5,9,6,5,8,9,1,10,8,5,7,4,8,11,11,11,5,9,6,10,8,1,9,7,5,8,6,9,10,2,10,4,8,6,10,5,6,7,10,1,9,7,6,8,3,7,11,11,11,6,10,5,9,7,1,10,8,6,7,5,10,9
reelStrip3=2,7,6,10,8,3,7,9,1,10,4,8,6,9,11,11,11,8,6,3,9,5,8,1,10,8,3,7,9,4,2,8,5,9,7,4,8,10,1,9,3,7,5,10,11,11,11,7,5,4,10,6,7,1,9,7,4,8,10,3
reelStrip4=2,9,8,3,4,10,8,4,9,7,1,10,7,4,9,7,11,11,11,10,9,6,7,4,5,8,1,9,3,10,4,8,7,3,9,7,5,10,9,3,7,4,10,6,4,7,8
reelStrip5=2,10,9,5,10,3,9,5,8,3,4,7,5,4,10,8,5,10,4,6,7,3,8,10,11,11,11,8,4,9,2,9,10,6,9,4,10,6,7,4,3,8,6,3,9,7,6,9,3,5,8,4,7,9,11,11,11,7,3,10
reelStrip6=
reelStripBonus1=3,5,11,11,5,5,4,4,5,5,6,6,4,4,5,5,6,6,11,11,6,6,4,4,5,5,6,6,6,4,4,6,11,11,6,6,3,3,6,6,5,5,3,3,6,6,5,5,11,11,5,5,3,3,6,6,5,5,5,3
reelStripBonus2=5,6,3,1,5,6,4,5,1,5,5,11,11,6,6,5,5,5,1,6,3,3,4,11,11,11,5,6,6,6,6,5,5,6,6,5,4,1,6,5,3,6,1,6,6,11,11,5,5,6,6,6,1,5,4,4,3,11,11,11,6,5,5,5,5,6,6,5
reelStripBonus3=6,6,3,1,3,3,4,4,4,3,3,4,4,3,11,11,3,6,6,6,5,3,3,5,11,11,11,3,3,6,6,6,6,5,5,4,1,4,4,3,3,3,4,4,3,3,4,11,11,4,5,5,5,6,4,4,6,11,11,11,4,4,5,5,5,5
reelStripBonus4=3,4,3,4,4,4,4,1,5,3,3,3,11,11,11,4,4,1,3,4,4,3,3,4,4,3,3,6,6,1,6,5,4,3,4,3,3,3,3,1,6,4,4,4,11,11,11,5,5,1,4,3,3,4,4,3,3,4,4,5,5,1,5,6
reelStripBonus5=4,3,3,4,4,5,5,3,3,11,11,11,3,3,4,4,5,5,4,4,3,3,4,4,5,5,6,6,11,11,4,4,3,4,4,3,3,5,5,4,4,11,11,11,4,4,3,3,6,6,3,3,4,4,3,3,6,6,5,5,11,11,3,3
reelStripBonus6=