reelStrip1=7,4,4,10,9,5,7,6,11,4,4,8,10,7,9,10,4,4,3,3,10,11,5,10,6,7,8,6,10,4,4,7,8,3,8,5,9,4,4,7,11,8,9,11,3,3,4,4,7,10,3,11,5,9,7,3
reelStrip2=2,2,9,5,11,5,9,4,4,8,5,8,6,11,9,5,11,9,5,11,2,2,11,9,5,8,11,9,8,3,3,5,8,9,10,7,5,10,9,2,2,8,4,10,5,8,3,3,7,5,8,4,10,11,6,10,8,3,10,4,4,10,11,5,7,10,7,9,3,3,6,9,10,11,7,6,11,10
reelStrip3=11,7,10,8,7,7,8,3,3,11,6,8,1,1,1,8,10,6,8,3,3,4,4,8,11,11,6,11,9,3,3,5,6,10,9,11,8,9,7,7,10,3,3,9,5,7,1,1,1,11,7,6,10,4,4,3,3,7,10,10,8,7,10,4,4,3,5,9
reelStrip4=2,2,2,2,3,3,8,10,4,4,7,1,1,1,7,10,11,7,5,7,11,7,5,10,9,4,4,5,8,5,6,7,4,4,3,3,10,4,8,11,2,2,2,2,4,4,9,7,3,3,11,1,1,1,10,9,8,11,4,8,10,9,6,7,11,4,4,6,7,3,5,8,3,3,4,4,9,5,11,10
reelStrip5=10,10,3,5,8,3,3,10,1,1,1,7,9,4,4,5,3,3,7,5,9,10,10,9,3,3,10,6,11,4,4,8,5,10,4,5,11,8,10,10,4,5,7,3,3,11,1,1,1,10,7,3,3,6,4,4,8,5,11,10,10,7,3,3,8,6,10,4,4,7,3,11,4,5,9,11
reelStrip6=
reelStripBonus1=7,4,4,11,7,9,12,12,12,7,4,4,9,5,6,5,7,6,10,9,4,4,9,10,3,3,12,12,12,10,6,5,11,10,6,10,5,8,10,8,4,4,10,8,11,12,12,12,10,4,4,7,4,3,3,8,5,11,8,4,4,11,10,4,4,12,12,12,8,5,4,10,11,6,9,5,9,11
reelStripBonus2=2,2,2,2,5,11,8,5,4,4,11,8,6,9,11,5,2,2,9,12,12,12,8,11,9,5,8,3,3,2,2,8,5,8,12,12,12,7,11,2,2,2,2,4,10,8,3,4,4,10,8,6,11,10,4,2,2,10,12,12,12,11,10,7,6,9,2,2,3,3,10,5,7,12,12,12,9,11
reelStripBonus3=11,6,10,8,4,7,3,3,11,6,8,12,12,12,10,3,3,8,9,12,12,12,4,8,11,6,3,3,11,9,5,6,10,5,11,8,4,8,3,3,10,6,9,12,12,12,11,3,3,7,8,12,12,12,5,8,10,5,3,3,9,8,5,10
reelStripBonus4=2,2,2,2,11,3,3,8,9,5,10,4,4,8,12,12,12,7,7,9,4,2,2,11,6,9,10,9,12,12,12,7,11,12,12,12,7,9,4,4,3,3,11,8,2,2,2,2,10,3,3,7,8,5,11,4,4,9,12,12,12,8,8,10,3,2,2,10,6,8,11,8,12,12,12,9,11,12,12,12,11,9,3,3,4,4,10,8
reelStripBonus5=10,5,8,10,3,8,3,3,9,12,12,12,10,9,4,4,7,10,3,3,7,12,12,12,8,5,10,3,3,6,7,11,4,4,8,9,10,12,12,12,5,9,4,8,10,3,7,3,3,10,12,12,12,11,8,4,4,10,9,3,3,8,12,12,12,9,5,11,3,3,5,7,10,4,4,7,9,7,12,12,12,5
reelStripBonus6=