reelStrip1=5,7,6,3,10,9,4,9,7,6,9,7,11,11,11,11,8,10,6,9,5,10,6,8,3,4,10,5,7,9,6,10,4,9,5,8,9,6,10,3,7,6,8,10,8,4,7,10,6,9,5,3,10,7
reelStrip2=7,2,2,2,2,2,9,3,8,5,9,1,10,6,9,4,7,8,11,11,11,11,7,9,4,8,3,9,5,10,4,9,1,7,5,9,3,8,5,9,4,10,6,9,3,7,4,8,5,9,6,10
reelStrip3=3,2,2,2,2,2,8,5,9,1,10,4,8,7,3,8,6,5,8,4,7,6,8,5,9,6,3,9,8,3,10,2,2,2,2,2,8,6,8,5,7,1,8,6,9,3,10,11,11
reelStrip4=10,2,2,2,2,2,9,8,5,4,7,1,10,3,7,11,11,11,11,4,9,3,10,1,7,6,9,4,7,8,6,9,3,7,4,10,6,7,1,8,7,3,9,5,7,1,8,6,7,9,5,7,9,6,7,4,5,8,3
reelStrip5=7,2,2,2,2,8,6,10,3,9,5,8,3,4,7,6,10,9,5,10,7,6,9,4,3,7,6,10,5,7,12,10,6,7,4,9,6,8,7,6,9,5,3,10,6,7,5,3,8,9,6,10,4,7,3,9,4,9,8
reelStrip6=
reelStripBonus1=5,7,6,3,10,9,4,8,7,6,9,7,11,11,11,5,8,10,6,9,5,6,10,8,3,4,10,11,11
reelStripBonus2=7,2,2,2,2,2,9,3,8,5,9,1,10,6,9,4,7,8,11,11,11,5,7,9,4,8,3,9
reelStripBonus3=3,2,2,2,2,2,8,5,9,1,10,4,8,11,11,11,6,5,8,4,7,1,8,5,9,6,3,9
reelStripBonus4=10,2,2,2,2,2,2,2,2,4,7,1,10,3,7,5,11,11,11,4,9,3,10,1,7,6,9,4,8
reelStripBonus5=12,2,2,9,6,10,12,9,5,8,3,4,9,6,10,3,9,10,12,6,9,3,7,12,10,8,8,3
reelStripBonus6=