reelStrip1=11,3,9,11,10,8,7,9,5,10,4,11,7,8,2,9,6,11,4,10,11,9,7,8,10,6,9,3,11,8,7,2,10,5
reelStrip2=7,9,8,11,10,6,4,8,7,10,2,11,3,7,6,9,8,5,8,10,7,11,9,5,3,7,8,9,2,4,8,6,10,7,6
reelStrip3=2,9,10,11,5,9,7,11,6,10,9,11,4,3,10,5,8,2,10,9,11,6,10,8,11,5,9,10,11,3,4,9,6,7
reelStrip4=10,6,4,8,11,7,9,6,2,9,8,3,5,9,5,3,7,11,8,10,5,2,10,7,4,6
reelStrip5=3,9,7,11,4,7,6,8,11,7,5,11,6,2,11,10,3,10,8,11,3,8,5,7,11,8,6,11,5,7,11,9
reelStrip6=
reelStripBonus1=5,6,5,11,4,6,6,11,3,3,4,5,3,4,11,5,3,3,11,6,6,4
reelStripBonus2=3,5,6,6,11,11,11,2,2,2,11,4,3,5,4,2,1,3,6,6,4,5,2,2,2,11,11,11,5,3,2,4,1,5,2,3
reelStripBonus3=6,2,2,2,2,6,4,4,5,6,4,1,5,2,11,11,11,2,3,5,11,4,2,2,2,2,4,3,3,2,5,4,6,1,3,11,3,2,6,11
reelStripBonus4=4,5,1,5,6,11,11,11,2,2,2,3,6,3,4,4,1,11,5,3,4,6,1,2,4,2,2,2,11,4,3,5,4,4,2,11,4,1
reelStripBonus5=2,2,2,6,5,4,3,2,6,3,6,3,11,5,6,4,2,2,2,5,3,6,4,2,5,3,5,4,11,3,4,6
reelStripBonus6=