reelStrip1_1=4,11,4,4,9,9,11,8,8,10,10,5,5,8,8,11,4,7,9,9,10,10,4,4,1,3,3,11,5,5,4,7,11,6,6,9,9,10,10,9,5,4,6,8,8,10,4,10,8,11,6,6,10,10,10,8,8,10,10,4,7,7,7
reelStrip1_2=5,5,8,8,11,6,6,10,10,9,9,4,4,1,3,3,11,5,5,4,7,10,10,9,5,4,6,10,10,8,8,11,4,7,9,5,4,6,8,8,10,10,9,9,11,4,4,9,9,11,1,8,8,10,10,4,7,11,11,11
reelStrip1_3=11,11,4,4,7,9,9,10,10,4,4,11,6,6,4,4,9,9,11,8,8,10,10,1,8,8,10,4,10,8,11,6,6,4,7,7,7,5,5,8,8,11,10,10,9,5,4,6,3,3,8,8,5,5,4,7,8,8,10,10,3,3,3
reelStrip1_4=10,4,8,8,10,4,10,8,11,5,5,10,10,9,5,4,6,10,10,4,4,7,11,6,6,9,9,1,3,3,11,3,3,6,6,10,10,10,8,8,11,5,5,4,7,9,9,10,4,10,8,11,4,4,9,9,11,5,5,6,6,11,11,11,6
reelStrip1_5=10,10,4,4,9,9,8,8,4,4,9,9,5,5,8,8,11,4,7,9,9,3,3,11,1,10,10,9,9,5,5,4,7,7,7,10,10,9,9,11,9,5,4,6,8,8,11,6,6,8,8,10,4,10,8,11,6,6,5,5,9,9,9
reelStrip1_6=9,9,8,8,10,4,10,8,11,4,7,9,9,10,10,9,5,4,6,11,9,9,10,10,4,4,4,3,3,9,9,5,5,8,8,11,6,6,4,4,9,9,8,8,6,6,1,11,5,5,4,7,8,8,10,4,10,8,11,6,6,4,4,4,7,7

reelStrip2_1=4,11,4,4,9,9,8,8,11,10,10,5,5,8,8,11,4,7,9,9,10,10,4,4,1,3,3,11,5,5,4,7,9,5,4,6,11,10,10,9,5,4,6,8,8,10,4,10,8,11,6,6,10,10,10,8,8,12
reelStrip2_2=5,5,8,8,11,6,6,10,10,9,9,4,4,12,3,3,11,5,5,10,10,4,7,9,5,4,6,10,10,8,8,11,4,7,9,5,4,6,8,8,1,11,9,9,10,10,4,4,9,9,11,8,8,10,10,12,6
reelStrip2_3=11,11,4,4,7,9,9,10,10,4,4,3,3,6,6,4,4,9,9,10,10,8,8,11,1,8,8,10,4,10,8,11,6,6,4,7,7,7,5,5,8,8,11,10,10,9,5,4,6,8,8,3,3,5,5,4,7,8,8,12
reelStrip2_4=4,8,8,10,4,10,8,11,5,5,3,3,9,5,4,6,10,10,4,4,7,11,6,6,9,9,1,10,4,10,8,11,3,3,6,6,10,10,10,8,8,11,5,5,4,7,9,9,11,10,10,4,4,9,9,11,5,5,12,6
reelStrip2_5=9,10,10,4,4,9,9,8,8,4,4,5,5,9,9,8,8,11,4,7,9,9,3,3,11,1,10,10,9,9,5,5,4,7,7,7,9,9,10,4,10,8,11,6,6,8,8,9,9,11,6,6,8,8,10,4,10,8,11,6,6,12
reelStrip2_6=9,9,8,8,10,10,5,5,4,7,11,10,10,9,9,1,6,6,11,9,9,10,10,4,4,12,3,3,9,9,5,5,8,8,11,6,6,4,4,9,9,8,8,6,6,11,9,9,4,7,8,8,10,4,10,8,11,12

reelStrip3_1=4,11,4,4,9,9,11,8,8,10,10,5,5,8,8,11,4,7,9,9,10,10,4,4,1,3,3,11,5,5,4,7,11,6,6,9,9,10,10,9,5,4,6,8,8,10,4,10,8,11,6,6,10,10,10,8,8,10,10,4,7,7,7,6
reelStrip3_2=7,5,5,8,8,11,6,6,10,10,9,9,4,4,1,3,3,11,5,5,4,7,10,10,9,5,4,6,10,10,8,8,11,4,7,9,5,4,6,8,8,10,10,9,9,11,4,4,9,9,11,1,8,8,10,10,4,7,11,11,11
reelStrip3_3=4,11,4,4,7,9,9,10,10,4,4,11,6,6,4,4,9,9,11,8,8,10,10,1,8,8,10,4,10,8,11,6,6,4,7,7,7,5,5,8,8,11,10,10,9,5,4,6,3,3,8,8,5,5,4,7,8,8,10,10,3,3,3,1,6
reelStrip3_4=8,8,10,4,10,8,11,5,5,10,10,9,5,4,6,10,10,4,4,7,11,6,6,9,9,1,3,3,11,3,3,6,6,10,10,10,8,8,11,5,5,4,7,9,9,10,4,10,8,11,4,4,9,9,11,5,5,6,6,9,9,9
reelStrip3_5=4,10,10,4,4,9,9,8,8,4,4,9,9,5,5,8,8,11,4,7,9,9,3,3,11,1,10,10,9,9,5,5,4,7,7,7,10,10,9,9,11,9,5,4,6,8,8,11,6,6,8,8,10,4,10,8,11,6,6,5,5,1
reelStrip3_6=9,9,8,8,10,4,10,8,11,4,7,9,9,10,10,9,5,4,6,11,9,9,10,10,4,4,4,3,3,9,9,5,5,8,8,11,6,6,4,4,9,9,8,8,6,6,1,11,5,5,4,7,8,8,10,4,10,8,11,6,6,4,4,4,6

reelStrip4_1=11,11,4,4,9,9,8,8,11,10,10,5,5,8,8,11,4,7,9,9,10,10,4,4,1,3,3,11,5,5,4,7,9,5,4,6,11,10,10,9,5,4,6,8,8,10,4,10,8,11,6,6,10,10,10,8,8,12,6
reelStrip4_2=4,5,5,8,8,11,6,6,10,10,9,9,4,4,12,3,3,11,5,5,10,10,4,7,9,5,4,6,10,10,8,8,11,4,7,9,5,4,6,8,8,1,11,9,9,10,10,4,4,9,9,11,8,8,10,10,12
reelStrip4_3=11,11,4,4,7,9,9,10,10,4,4,3,3,6,6,4,4,9,9,10,10,8,8,11,1,8,8,10,4,10,8,11,6,6,4,7,7,7,5,5,8,8,11,10,10,9,5,4,6,8,8,3,3,5,5,4,7,8,8,12,6
reelStrip4_4=4,8,8,10,4,10,8,11,5,5,3,3,9,5,4,6,10,10,4,4,7,11,6,6,9,9,1,10,4,10,8,11,3,3,6,6,10,10,10,8,8,11,5,5,4,7,9,9,11,10,10,4,4,9,9,11,5,5,12,6
reelStrip4_5=10,10,4,4,9,9,8,8,4,4,5,5,9,9,8,8,11,4,7,9,9,3,3,11,1,10,10,9,9,5,5,4,7,7,7,9,9,10,4,10,8,11,6,6,8,8,9,9,11,6,6,8,8,10,4,10,8,11,6,6,12
reelStrip4_6=6,9,9,8,8,10,10,5,5,4,7,11,10,10,9,9,1,6,6,11,9,9,10,10,4,4,12,3,3,9,9,5,5,8,8,11,6,6,4,4,9,9,8,8,6,6,11,9,9,4,7,8,8,10,4,10,8,11,12,6

reelStrip5_1=4,11,4,4,9,9,11,8,8,10,10,5,5,8,8,11,4,7,9,9,10,10,4,4,3,3,11,5,5,4,7,11,6,6,9,9,10,10,9,5,4,6,8,8,10,4,10,8,11,6,6,10,10,10,8,8,10,10,4,7,7,7
reelStrip5_2=5,5,8,8,11,6,6,10,10,9,9,4,4,4,3,3,11,5,5,4,7,10,10,9,5,4,6,10,10,8,8,11,4,7,9,5,4,6,8,8,8,10,10,9,9,11,4,4,9,9,11,8,8,10,10,4,7,11,11,11
reelStrip5_3=11,11,4,4,7,9,9,10,10,4,4,11,6,6,4,4,9,9,11,8,8,10,10,8,8,10,4,10,8,11,6,6,4,7,7,7,5,5,8,8,11,10,10,10,9,5,4,6,3,3,8,8,5,5,4,7,8,8,10,10,3,3,3
reelStrip5_4=10,4,8,8,10,4,10,8,11,5,5,10,10,9,5,4,6,10,10,4,4,7,11,6,6,9,9,3,3,11,3,3,6,6,10,10,10,8,8,11,5,5,4,7,9,9,9,10,4,10,8,11,4,4,9,9,11,5,5,6,6,11,11,11,6
reelStrip5_5=10,10,4,4,9,9,8,8,4,4,9,9,5,5,8,8,11,4,7,9,9,3,3,11,10,10,9,9,5,5,4,7,7,7,10,10,9,9,11,11,11,9,5,4,6,8,8,11,6,6,8,8,10,4,10,8,11,6,6,5,5,9,9,9
reelStrip5_6=9,9,8,8,10,4,10,8,11,4,7,9,9,10,10,9,5,4,6,11,9,9,10,10,4,4,4,3,3,9,9,5,5,8,8,11,6,6,4,4,9,9,8,8,6,6,6,11,5,5,4,7,8,8,10,4,10,8,11,6,6,4,4,4,7,7
