reelStrip1=7,4,6,1,10,10,9,2,2,2,5,6,3,6,9,11,11,11,7,8,5,1,10,5,6,8,2,4,10
reelStrip2=8,6,9,2,2,2,7,9,10,5,4,9,6,4,5,8,10,11,11,11,3,7,9
reelStrip3=9,2,2,2,4,3,5,8,11,11,11,7,4,5,8,10,8,6,2,7,5,2,1,3,10,8
reelStrip4=11,11,10,5,7,4,7,7,8,9,2,2,2,7,5,3,2,3,4,10,3,8,4,6,10,6,6,7
reelStrip5=3,8,4,7,1,10,3,2,2,2,5,6,1,6,4,6,7,4,10,7,11,11,11,9,3,7,10,6,8,5,9,10,5
reelStrip6=
reelStripBonus1=4,3,5,10,6,4,6,2,2,2,4,6,7,5,8,3,6,9
reelStripBonus2=5,5,5,10,10,10,3,3,3,1,1,1,4,4,4,7,9,9,9,6,6,6,11,11,11,6,7,7,7,3,4,2,2,2,8,8,8,3
reelStripBonus3=2,2,2,8,8,8,3,5,5,5,4,4,4,7,9,9,9,6,6,6,11,11,11,6,7,7,7,3,4,10,10,10,3,3,3,1,1,1
reelStripBonus4=1,1,1,8,8,8,3,5,5,5,4,4,4,7,9,9,9,6,6,6,11,11,11,3,4,10,10,10,3,3,3,2,2,2,6,7,7,7
reelStripBonus5=5,1,6,9,2,2,2,6,8,10,3,3,4,7,6,5,4
reelStripBonus6=