reelStrip1=5,7,6,4,10,9,4,5,7,6,9,7,11,11,11,11,10,8,4,7,6,9,5,10,6,8,3,4,10,5,7,9,6,10,4,9,5,8,9,6,10,3,7,6,10,8,9,10,6,9,5,3,10
reelStrip2=7,2,2,2,2,2,4,8,5,9,1,10,6,9,4,7,8,11,11,11,11,10,6,9,4,8,3,9,5,10,4,9,1,7,5,9,3,8,5,4,9,8,3,7,4,8,5,9,6,10,1,8
reelStrip3=3,2,2,2,2,2,8,5,9,1,10,4,8,7,3,8,6,5,8,4,7,1,8,5,9,6,8,9,2,2,2,8,10,6,8,5,7,1,8,6,9,11,11,11,11,8,6,3,9,5,8,10
reelStrip4=10,2,2,2,2,5,6,4,7,10,3,7,11,11,11,11,9,5,7,3,10,1,7,6,9,4,7,8,9,3,7,4,10,6,7,1,8,7,3,9,5,7,8,6,7,9,6,7,4,5,8,3,10,4,9,1,7,3,5,8,6,9,7,4,10,3,9,1
reelStrip5=7,2,2,6,4,3,9,5,8,6,4,7,6,10,7,6,12,9,4,5,7,6,10,5,7,4,10,6,7,4,9,6,8,3,6,9,5,3,10,6,7,5,4,8,9,6,10,4,7,6,8,4,9,12,10,6,7,4,10,9,5,6,10,8,4,7,8,10,4,8,5,9,6,10,9,4,7,8
reelStrip6=
reelStripFree1=5,7,6,3,10,9,4,5,7,6,9,7,11,11,11,11,11,9,5,10,6,8,3,4,10,5,7,9,6,10,4,9,5,8,9,6,10,3,7,6,8,10,9,6,11,11,11,11,11,7,4,10
reelStripFree2=7,2,2,2,2,2,2,2,2,2,3,8,5,9,1,10,6,9,4,11,11,11,11,11,5,10,6,9,4,8,3,9,5,10,4,9,1,7,5,9,11,11,11,11,11,8,3,7,4,8,5,9,6,10,1,8
reelStripFree3=8,2,2,2,2,2,2,2,2,2,2,2,5,9,1,10,4,8,7,9,8,6,5,8,4,7,1,8,5,9,11,11,11,11,11,4,10,8,6,5,8,7,1,8,6,9,11,11,11,11,11,6,8,9,5,8,3
reelStripFree4=10,2,2,2,2,2,2,2,2,2,2,2,2,2,2,10,3,7,11,11,11,11,11,5,7,3,10,1,7,6,9,4,7,8,9,3,7,4,10,6,7,1,8,7,3,9,5,7,8,6,11,11,11,11,11,11,5,8,10,4,9,1,7,3,5,8,6,9,7,4,10,3,9,1
reelStripFree5=7,2,2,8,6,10,3,9,5,12,3,4,7,6,10,7,6,12,9,4,8,7,6,12,5,7,4,10,6,7,12,9,6,8,3,6,9,5,4,10,6,7,12,4,8,9,6,10,12,7,6,8,4,9,12,10,6,7,3,10,9,12,6,10,4,8,7,12,10,4,8,5,9,6,12,10,4,7,8
reelStripFree6=
reelStripBonus1=18,18,18,18
reelStripBonus2=18,18,18,18
reelStripBonus3=18,18,18,18
reelStripBonus4=18,18,18,18
reelStripBonus5=7,2,2,2,4,8,6,10,3,9,5,12,3,4,7,6,10,9,5,10,7,6,9,4,3,7,6,5,10,7,12,10,6,7,4,9,6,8,7,6,9,5,3,10,6,7,5,3,8,9,12,10,4,7,3,9,4,8,9,4,10,6,5,3,10,9,5,6,9
reelStripBonus6=