reelStrip1=12,9,6,11,3,8,11,9,10,7,12,4,5,4,5,10,3,11,12,4,9,3,11,10,8,12,6,10,3,6,5,4,9,3,10,8,5,12,3,9,12,8,11,6,12,6,5,3,7,11,4
reelStrip2=9,5,11,2,7,5,1,2,3,4,6,8,12,11,10,1,6,10,4,8,7,11,4,12,2,5,4,1,2,6,3,7,10,9,12,8,1,5,9,6,11,4,9,6,10,2,4,7,5,3,2,1,7,12,9,10,11,5,8,6,12,4
reelStrip3=8,5,7,8,4,8,11,12,3,6,10,3,4,8,12,10,1,9,3,6,7,11,2,2,6,10,5,4,9,7,8,10,1,9,3,5,12,3,7,10,9,12,1,11,3,4,5,10,2,2,9,4,6,10,5,11,9,10,3,7,12,4,6,10,9,12,1,11,3,5,8,12,2,2
reelStrip4=9,1,7,6,3,9,5,8,1,12,10,7,4,11,11,3,11,10,6,2,2,2,3,12,8,11,1,6,4,3,12,7,9,1,8,11,5,6,12,12,3,10,8,5,2,2,2,5,10,12,8,1,12,5,3,10,7,11,1,9,12,5,3,12,9,8,7,4,2,2,2,7,11,10
reelStrip5=5,12,10,7,2,6,9,10,4,12,11,6,3,10,8,2,11,9,7,4,11,8,6,2,7,11,9,6,10,8,5,3,12,10,2,9,11,4,5,9,11,6,2,4,11,8,7,9,12,5,3,8,10,2,12,8,6
reelStrip6=
reelStripBonus1=4,9,5,3,9,11,3,3,8,12,4,11,10,6,3,5,3,3,8,9,5,8,8,11,9,3,6,12,4,10,5,7,3,12,9,3,11,3,10,4,3,11,4,10,8,3,8,9,3,3,4,3,12,11,3,9,3,12,5,9,10,12,5,10,3,3,11,11,9,3,12,3,4,8,9,3
reelStripBonus2=11,11,1,12,3,8,6,4,5,4,10,13,5,12,8,9,3,3,2,11,7,9,8,12,5,10,12,7,6,4,4,2,5,8,3,13,10,3,3,3,8,3,11,12,11,8,9,1,12,9,10,3,2,3,2,4,11,4,3,5,8,3,10,11,3,13,9,10,11,2,12,9,3,4,5,8,2
reelStripBonus3=9,2,8,4,6,6,10,4,8,3,3,1,10,3,11,5,12,11,13,7,5,5,6,8,10,12,11,3,4,13,4,2,3,3,2,9,6,12,11,9,10,10,8,8,3,12,4,3,4,11,9,3,3,2,9,10,12,1,2,3,11,9,13,5,8,5,3,3,4,10,5,4,2,3,8,12
reelStripBonus4=1,4,3,9,5,12,5,5,12,13,11,4,4,8,11,2,6,3,6,11,8,10,10,11,2,8,5,10,4,7,8,3,11,9,4,3,13,12,6,10,11,12,3,1,3,4,12,10,12,9,4,11,11,9,4,2,10,8,3,11,3,9,5,10,5,3,9,11,3,9,4,3,4,9,11,2,8,12
reelStripBonus5=8,6,5,6,10,2,5,3,9,10,4,10,8,4,11,12,2,6,11,5,9,12,2,6,3,9,4,10,4,12,2,9,10,11,10,7,12,7,11,5,6,7,5,8,11,3,4,3,10,12,2,12,8,11,4,8,10,4,4,9,9,9,11,4,12,12,4,10,9,2,11,3,10,2,5,9,3,5,3,10,8
reelStripBonus6=