reelStrip1=9,8,12,8,10,7,5,11,4,1,3,7,10,13,1,6,9,13,6,11,12
reelStrip2=3,6,8,13,7,10,9,11,10,9,6,5,12,2,4,8,11,12,13,7
reelStrip3=4,9,13,12,13,7,8,12,6,1,2,10,11,7,5,11,3,10,8,9,6
reelStrip4=2,6,10,7,11,13,12,5,9,3,6,7,12,9,13,8,10,11,4,8
reelStrip5=8,11,7,6,13,9,10,5,1,12,6,3,8,4,7,10,13,12,11,9
reelStrip6=
reelStripBonus1=12,5,11,9,13,8,13,3,3,3,10,12,11,10,13,11,8,8,9,6,9,10,12,6,3,7,4,7,5
reelStripBonus2=13,11,7,9,4,12,7,3,10,9,8,13,11,10,13,5,6,9,2,7,6,10,12,8,11
reelStripBonus3=6,12,10,13,7,12,5,10,8,7,2,13,3,6,9,8,11,8,5,12,9,4,11,10,9,13
reelStripBonus4=13,9,5,7,13,6,12,11,6,10,13,12,9,7,8,10,4,2,8,7,5,9,11,3,12,8,6,10,11
reelStripBonus5=13,12,11,7,10,11,7,13,4,9,12,6,10,3,3,3,8,6,11,8,9,13,7,9,5,8,12
reelStripBonus6=