reelStrip1_1=9,5,11,7,8,5,1,7,11,8,10,5,11,4,10,5,9,3,4,6,10,8,1,10,6,11,9,10,3,8,10,5,7,10,8,9,1,7,8,11,10,9,6,4,10,11,1,4,3,9,4,1,6,8,10,11,7,1,3,8,1,5,7,1,8,6,1,9,3,1,9,11,1,4,10,1,11,8,1,10,7,1,8,10,1,7
reelStrip1_2=6,9,8,7,10,5,3,7,4,6,8,5,1,4,9,10,11,3,1,6,4,7,1,11,10,5,11,6,3,1,6,9,5,1,10,8,3,7,6,4,8,9,3,4,8,3,11,9,8,6,11,3,1,7,3,5,7,10,3,7,9,11,10,4,8,10,7,11,5,8,9,6,7,11,8,10,9,7,11,8,9,10
reelStrip1_3=7,9,1,10,11,5,9,3,4,6,7,5,9,10,11,4,8,1,9,6,5,3,4,6,9,1,6,7,5,4,3,9,6,10,11,6,1,3,10,4,7,6,8,10,7,3,8,11,5,6,10,3,4,5,9,1,10,7,5,1,3,7,9,11,10,4,8,10,7,11,5,8,9,6,7,11,8,10,9,7,11,8,9,10
reelStrip1_4=11,6,3,10,4,6,1,7,4,1,9,11,10,5,1,9,11,5,7,8,4,9,1,4,5,10,7,5,3,7,5,6,7,10,4,3,6,7,11,10,9,11,3,5,8,4,11,1,3,8,5,9,1,7,11,10,9,11,3,1,5,7,1,8,6,1,9,3,1,9,11,1,4,10,1,11,8,1,10,7,1,8,10,1,7
reelStrip1_5=6,4,9,5,8,11,5,10,7,9,3,1,11,7,8,9,11,3,7,6,11,3,9,4,3,5,11,7,1,5,9,4,1,7,8,9,6,10,1,5,3,8,5,7,6,1,11,5,3,6,11,3,9,6,10,5,3,4,1,11,3,7,9,11,10,4,8,10,7,11,5,8,9,6,7,11,8,10,9,7,11,8,9,10
reelStrip1_6=

reelStrip2_1=5,8,7,10,4,7,1,9,6,1,9,7,6,9,5,7,9,8,7,9,5,7,9,5,10,9,8,11,9,8,3,4,8,10,7,5,10,11,8,7,11,9,7,11,8,7,11,8,7,3,8,7,9,1,8,9,5,8,7,3,9,8,7,9,8,5,9,4,11,9,8,5,9,11,3,8,10,5,8,10,9,8,4,7,9,10,6,7,10,6,7,1,5,7,8,11,10,5,8,10,9,11
reelStrip2_2=9,10,7,8,4,10,8,7,11,9,7,11,3,7,8,6,7,9,6,10,9,6,11,10,7,8,9,6,1,10,6,7,10,8,4,11,8,9,6,8,5,10,8,11,9,10,8,11,9,10,5,9,11,8,7,11,8,10,11,7,10,8,11,10,6,11,10,9,11,10,8,6,3,10,11,6,10,8,11,1,10,8,11,4,10,11,6,10,8,9,11,8,3,9,8,11,4,8,1,11,7,10
reelStrip2_3=9,11,3,7,9,10,8,6,7,11,3,10,11,7,9,11,10,9,11,4,9,11,3,9,11,10,9,11,3,7,11,6,1,11,7,10,11,1,10,11,5,7,11,9,7,11,4,9,11,7,10,11,9,4,5,10,7,11,5,7,10,8,7,10,4,3,7,11,9,1,7,11,10,7,11,10,9,6,10,4,5,10,7,4,10,6,8,10,4,5,10,7,6,4,11,9,7,11,9
reelStrip2_4=6,4,7,9,4,5,9,11,6,8,4,9,5,4,7,3,8,9,1,8,7,5,11,9,5,11,7,8,4,7,11,5,1,10,11,9,10,8,7,11,9,7,11,9,7,8,5,7,8,11,3,9,10,6,9,4,11,1,9,10,3,7,4,11,8,10,1,8,9,7,4,9,10,11,8,9,11,6,10,8,3,5,7,1,11,7,5,9,6,8,9,5,10,9,8,6,10
reelStrip2_5=4,8,10,3,4,8,7,4,11,10,3,8,10,9,5,10,9,11,5,9,1,7,11,1,10,8,5,10,9,8,5,6,9,7,8,3,9,11,7,9,5,7,8,5,4,11,3,4,10,6,9,10,6,8,1,6,9,3,8,9,10,11,8,6,7,11,9,7,8,1,7,10,8,7,11,8,7,9,8,7,5,8,7,9,6,11,5,7,11,5,7,10,9,7,11,6,4,11
reelStrip2_6=

reelStrip3_1=5,8,7,10,9,7,1,9,6,1,9,7,4,9,5,7,9,4,7,9,5,7,4,5,10,9,8,11,9,8,3,4,8,10,7,5,10,11,8,7,11,9,7,11,8,7,11,8,7,3,8,7,9,1,8,9,5,8,7,3,9,8,7,9,8,5,9,4,11,9,8,5,9,11,3,8,10,5,8,10,9,8,4,7,9,10,6,7,10,6,7,1,5,7,8,11,10,5,8,10,9,11
reelStrip3_2=9,10,7,8,4,10,8,7,11,9,7,11,9,7,8,6,7,9,6,10,9,6,4,10,7,8,9,6,1,10,6,7,10,8,4,11,8,9,6,8,5,10,8,11,9,10,8,11,9,10,5,9,11,8,7,11,8,10,11,7,10,8,11,10,6,11,10,9,11,10,8,6,3,10,11,6,10,8,11,1,10,8,11,4,10,11,6,10,8,9,11,8,3,9,8,11,4,8,1,11,7,10
reelStrip3_3=9,11,3,7,9,10,8,6,7,11,6,10,11,7,4,11,10,9,11,4,9,11,3,9,11,10,9,11,3,7,11,6,1,11,7,10,11,1,10,11,5,7,11,9,7,11,4,9,11,7,10,11,9,4,5,10,7,11,5,7,10,8,7,10,4,3,7,11,9,1,7,11,10,7,11,10,9,6,10,4,5,10,7,4,10,6,8,10,4,5,10,7,6,4,11,9,7,11,9
reelStrip3_4=6,4,7,9,4,5,9,11,6,8,4,9,5,4,7,5,8,9,1,8,7,5,11,4,5,11,7,8,4,7,11,5,1,10,11,9,10,8,7,11,9,7,11,9,7,8,5,7,8,11,3,9,10,6,9,4,11,1,9,10,3,7,4,11,8,10,1,8,9,7,4,9,10,11,8,9,11,6,10,8,3,5,7,1,11,7,5,9,6,8,9,5,10,9,8,6,10
reelStrip3_5=4,8,10,3,4,8,7,9,11,10,6,8,10,9,5,10,9,11,5,9,1,7,11,1,10,8,4,10,9,8,5,6,9,7,4,3,9,11,7,9,5,7,8,5,4,11,3,4,10,6,9,10,6,8,1,6,9,3,8,9,10,11,8,6,7,11,9,7,8,1,7,10,8,7,11,8,7,9,8,7,5,8,7,9,6,11,5,7,11,5,7,10,9,7,11,6,4,11
reelStrip3_6=

reelStrip4_1=5,8,7,5,4,7,1,9,6,1,9,7,6,9,5,7,9,8,7,9,5,7,9,5,10,9,8,11,9,8,3,4,8,10,7,5,10,11,8,7,11,9,7,11,8,7,11,8,7,3,8,7,9,1,8,9,5,8,7,3,9,8,7,9,8,5,9,4,11,9,8,5,9,11,3,8,10,5,8,10,9,8,4,7,9,10,6,7,10,6,7,1,5,7,8,11,10,5,8,10,9,11
reelStrip4_2=9,10,7,8,4,10,8,7,5,9,7,11,4,7,8,5,7,9,6,10,9,6,11,10,7,8,9,6,1,10,6,7,10,8,4,11,8,9,6,8,5,10,8,11,9,10,8,11,9,10,5,9,11,8,7,11,8,10,11,7,10,8,11,10,6,11,10,9,11,10,8,6,3,10,11,6,10,8,11,1,10,8,11,4,10,11,6,10,8,9,11,8,3,9,8,11,4,8,1,11,7,10
reelStrip4_3=9,11,3,7,9,10,8,6,7,9,5,10,11,7,9,11,10,9,11,4,9,11,5,9,11,10,9,5,3,7,11,6,1,11,7,10,11,1,10,11,5,7,11,9,7,11,4,9,11,7,10,11,9,4,5,10,7,11,5,7,10,8,7,10,4,3,7,11,9,1,7,11,10,7,11,10,9,6,10,4,5,10,7,4,10,6,8,10,4,5,10,7,6,4,11,9,7,11,9,7
reelStrip4_4=6,4,7,9,4,5,9,11,6,8,4,9,5,4,7,5,8,9,1,8,7,5,11,9,5,11,7,8,4,7,11,5,1,10,11,9,10,8,7,11,9,7,11,9,7,8,5,7,8,11,3,9,10,6,9,4,11,1,9,10,3,7,4,11,8,10,1,8,9,7,4,9,10,11,8,9,11,6,10,8,3,5,7,1,11,7,5,9,6,8,9,5,10,9,8,6,10
reelStrip4_5=4,8,10,3,4,5,7,4,11,5,6,8,10,9,5,10,9,11,5,9,1,7,11,1,10,8,5,10,9,8,5,6,9,7,8,3,9,11,7,9,5,7,8,5,4,11,3,4,10,6,9,10,6,8,1,6,9,3,8,9,10,11,8,6,7,11,9,7,8,1,7,10,8,7,11,8,7,9,8,7,5,8,7,9,6,11,5,7,11,5,7,10,9,7,11,6,4,11
reelStrip4_6=

reelStrip5_1=5,8,7,10,4,7,1,9,6,1,9,7,6,9,5,7,9,8,6,9,5,7,9,5,6,9,8,11,9,8,3,4,8,10,7,5,10,11,8,7,11,9,7,11,8,7,11,8,7,3,8,7,9,1,8,9,5,8,7,3,9,8,7,9,8,5,9,4,11,9,8,5,9,11,3,8,10,5,8,10,9,8,4,7,9,10,6,7,10,6,7,1,5,7,8,11,10,5,8,10,9,11
reelStrip5_2=9,10,7,8,4,10,8,7,11,9,7,11,4,7,8,6,7,9,6,10,9,6,11,10,7,8,9,6,1,10,6,7,10,8,4,11,8,9,6,8,5,10,8,11,9,10,8,11,9,10,5,9,11,8,7,11,8,10,11,7,10,8,11,10,6,11,10,9,11,10,8,6,3,10,11,6,10,8,11,1,10,8,11,4,10,11,6,10,8,9,11,8,3,9,8,11,4,8,1,11,7,10
reelStrip5_3=9,11,3,6,9,10,8,6,7,11,6,10,11,7,9,11,10,6,11,4,9,11,3,6,11,10,9,11,3,7,11,6,1,11,7,10,11,1,10,11,5,7,11,9,7,11,4,9,11,7,10,11,9,4,5,10,7,11,5,7,10,8,7,10,4,3,7,11,9,1,7,11,10,7,11,10,9,6,10,4,5,10,7,4,10,6,8,10,4,5,10,7,6,4,11,9,7,11,9
reelStrip5_4=6,4,7,9,4,5,9,11,6,8,4,9,5,4,7,5,8,9,1,8,7,5,11,9,5,11,7,8,4,7,11,5,1,10,11,9,10,8,7,11,9,7,11,9,7,8,5,7,8,11,3,9,10,6,9,4,11,1,9,10,3,7,4,11,8,10,1,8,9,7,4,9,10,11,8,9,11,6,10,8,3,5,7,1,11,7,5,9,6,8,9,5,10,9,8,6,10
reelStrip5_5=4,8,10,3,4,8,7,4,11,10,6,8,10,9,5,6,9,11,5,9,1,7,11,1,10,8,5,6,9,8,5,6,9,7,8,3,9,11,7,9,5,7,8,5,4,11,3,4,10,6,9,10,6,8,1,6,9,3,8,9,10,11,8,6,7,11,9,7,8,1,7,10,8,7,11,8,7,9,8,7,5,8,7,9,6,11,5,7,11,5,7,10,9,7,11,6,4,11
reelStrip5_6=

reelStrip6_1=5,8,7,10,4,7,1,9,6,1,9,7,6,9,5,7,9,8,7,9,5,7,9,5,10,7,8,11,9,7,3,4,8,10,7,5,10,11,8,7,11,9,7,11,8,7,11,8,7,3,8,7,9,1,8,9,5,8,7,3,9,8,7,9,8,5,9,4,11,9,8,5,9,11,3,8,10,5,8,10,9,8,4,7,9,10,6,7,10,6,7,1,5,7,8,11,10,5,8,10,9,11
reelStrip6_2=9,10,7,8,4,10,8,7,11,9,7,11,4,7,8,6,7,9,6,10,9,6,11,10,7,8,9,6,1,10,6,7,10,8,4,11,8,9,6,8,5,10,8,11,9,10,8,11,9,10,5,9,11,8,7,11,8,10,11,7,10,8,11,10,6,11,10,9,11,10,8,6,3,10,11,6,10,8,11,1,10,8,11,4,10,11,6,10,8,9,11,8,3,9,8,11,4,8,1,11,7,10
reelStrip6_3=9,11,3,7,9,10,8,6,3,11,6,10,11,7,9,11,10,9,11,7,9,11,3,7,11,10,9,11,3,7,11,6,1,11,7,10,11,1,10,11,5,7,11,9,7,11,4,9,11,7,10,11,9,4,5,10,7,11,5,7,10,8,7,10,4,3,7,11,9,1,7,11,10,7,11,10,9,6,10,4,5,10,7,4,10,6,8,10,4,5,10,7,6,4,11,9,7,11,9
reelStrip6_4=6,4,7,9,4,5,9,11,7,8,4,9,5,4,7,5,8,9,1,8,7,5,11,9,5,11,7,8,4,7,11,5,1,10,11,9,10,8,7,11,9,7,11,9,7,8,5,7,8,11,3,9,10,6,9,4,11,1,9,10,3,7,4,11,8,10,1,8,9,7,4,9,10,11,8,9,11,6,10,8,3,5,7,1,11,7,5,9,6,8,9,5,10,9,8,6,10
reelStrip6_5=4,8,10,3,4,8,7,4,11,10,7,8,10,9,5,3,9,11,5,9,1,7,11,1,10,8,5,10,7,8,5,6,9,7,8,3,9,11,7,9,5,7,8,5,4,11,3,4,10,6,7,10,6,8,1,6,9,3,8,9,10,11,8,6,7,11,9,7,8,1,7,10,8,7,11,8,7,9,8,7,5,8,7,9,6,11,5,7,11,5,7,10,9,7,11,6,4,11
reelStrip6_6=

reelStrip7_1=5,8,7,10,4,7,1,9,6,1,9,7,6,9,5,7,9,8,7,9,5,8,9,5,10,9,8,11,9,8,3,4,8,10,7,5,10,11,8,7,11,9,7,11,8,7,11,8,7,3,8,7,9,1,8,9,5,8,7,3,9,8,7,9,8,5,9,4,11,9,8,5,9,11,3,8,10,5,8,10,9,8,4,7,9,8,6,7,10,6,7,1,5,7,8,11,10,5,8,10,9,11
reelStrip7_2=9,10,7,8,4,10,8,7,11,9,7,11,4,7,8,6,7,9,6,10,9,6,11,10,7,8,9,6,1,10,6,7,10,8,4,11,8,9,6,8,5,10,8,11,9,10,8,11,9,10,5,9,11,8,7,11,8,10,11,7,10,8,11,10,6,11,10,9,11,10,8,6,3,10,11,6,10,8,11,1,10,8,11,4,10,11,6,10,8,9,11,8,3,9,8,11,4,8,1,11,7,10
reelStrip7_3=9,11,3,7,9,10,3,6,7,11,6,8,11,7,9,11,10,9,11,4,9,8,3,9,11,10,9,11,3,7,11,6,1,11,7,10,11,1,10,11,5,7,11,9,7,11,4,9,11,7,10,8,9,4,5,10,7,11,5,7,10,8,7,10,4,3,7,11,9,1,7,11,10,7,11,10,9,6,10,4,5,10,7,4,10,6,8,10,4,5,10,7,6,4,11,9,7,11,9,7
reelStrip7_4=6,4,7,9,4,5,9,11,6,8,4,9,5,4,7,5,8,9,1,8,7,5,11,9,5,11,7,8,4,7,11,5,1,10,11,9,10,8,7,11,9,7,11,9,7,8,5,7,8,11,3,9,10,6,9,4,11,1,9,10,3,7,4,11,8,10,1,8,9,7,4,9,10,11,8,9,11,6,10,8,3,5,7,1,11,7,5,9,6,8,9,5,10,9,8,6,10
reelStrip7_5=4,8,10,3,4,8,7,4,11,10,6,8,10,9,5,3,9,11,5,9,1,7,11,1,10,8,5,10,9,8,5,6,9,7,8,3,9,11,7,9,5,7,8,5,4,11,3,8,10,6,9,10,6,8,1,6,9,3,8,9,10,11,8,6,7,11,9,7,8,1,7,10,8,7,11,8,7,9,8,7,5,8,7,9,6,11,5,7,11,5,7,10,9,7,11,6,4,11
reelStrip7_6=

reelStrip8_1=5,8,7,10,4,7,1,9,6,1,9,7,6,9,5,7,9,8,7,9,5,7,9,5,10,9,8,11,9,8,3,4,8,9,7,5,10,9,8,7,11,9,7,11,8,7,11,8,7,3,8,7,9,1,8,9,5,8,7,3,9,8,7,9,8,5,9,4,11,9,8,5,9,11,3,8,10,5,8,10,9,8,4,7,9,10,6,7,10,6,7,1,5,7,8,11,10,5,8,10,9,11
reelStrip8_2=9,10,7,8,4,10,8,7,11,9,7,11,4,7,8,6,7,9,6,10,9,6,11,10,7,8,9,6,1,10,6,7,9,8,4,11,8,9,6,8,5,10,8,11,9,10,8,11,9,10,5,9,11,8,7,11,8,9,11,7,10,8,11,10,6,11,10,9,11,10,8,6,3,10,11,6,10,8,11,1,10,8,11,4,10,11,6,10,8,9,11,8,3,9,8,11,4,8,1,11,7,10
reelStrip8_3=9,11,3,7,9,10,8,6,7,11,6,10,11,7,9,11,10,9,11,4,9,11,3,9,11,10,9,11,3,7,11,6,1,11,7,10,11,1,10,11,5,7,11,9,7,11,4,9,11,7,10,11,9,4,5,10,7,11,5,7,10,8,9,10,4,3,7,11,9,1,7,11,10,7,11,10,9,6,10,4,5,10,7,4,10,6,8,10,4,5,10,7,6,4,11,9,7,11,9
reelStrip8_4=6,4,7,9,4,5,9,11,6,8,4,9,5,4,7,5,8,9,1,8,7,5,11,9,5,11,7,8,4,7,11,5,1,10,11,9,10,8,7,11,9,7,11,9,7,8,5,7,8,11,3,9,10,6,9,4,11,1,9,10,3,7,4,11,8,10,1,8,9,7,4,9,10,11,8,9,11,6,10,8,3,5,7,1,11,7,5,9,6,8,9,5,10,9,8,6,10
reelStrip8_5=4,8,10,3,9,8,7,4,11,9,6,8,10,9,5,10,9,11,5,9,1,7,11,1,10,8,5,10,9,8,5,6,9,7,8,3,9,11,7,9,5,7,8,5,4,11,3,4,10,6,9,10,6,8,1,6,9,3,8,9,10,11,9,6,7,11,9,7,8,1,7,10,8,7,11,8,7,9,8,7,5,8,7,9,6,11,5,7,11,5,7,10,9,7,11,6,4,11
reelStrip8_6=

reelStrip9_1=5,8,7,10,4,7,1,9,6,1,9,7,6,10,5,7,9,8,10,9,5,7,9,5,10,9,8,11,9,8,3,4,8,10,7,5,10,11,8,7,11,9,7,11,8,7,11,8,7,3,8,7,9,1,8,9,5,8,7,3,9,8,7,9,8,5,9,4,11,9,8,5,9,11,3,8,10,5,8,10,9,8,4,7,9,10,6,7,10,6,7,1,5,7,8,11,10,5,8,10,9,11
reelStrip9_2=9,10,7,8,4,10,8,7,11,10,7,11,4,7,10,6,7,9,6,10,9,6,11,10,7,8,9,6,1,10,6,7,10,8,4,11,8,9,6,8,5,10,8,11,9,10,8,11,9,10,5,9,11,8,7,11,8,10,11,7,10,8,11,10,6,11,10,9,11,10,8,6,3,10,11,6,10,8,11,1,10,8,11,4,10,11,6,10,8,9,11,8,3,9,8,11,4,8,1,11,7,10
reelStrip9_3=9,11,3,7,9,10,8,6,7,11,6,10,11,7,9,11,10,9,11,4,9,11,3,9,11,10,9,11,3,7,11,6,1,11,7,10,11,1,10,11,5,7,11,9,7,11,4,9,11,7,10,11,9,4,5,10,7,11,5,7,10,8,7,10,4,3,7,11,9,1,7,11,10,7,11,10,9,6,10,4,5,10,7,4,10,6,8,10,4,5,10,7,6,4,11,9,7,11,9
reelStrip9_4=6,4,7,9,4,5,10,11,6,8,4,9,5,4,7,5,8,9,1,8,7,5,11,9,5,11,7,8,10,7,11,5,1,10,11,9,10,8,7,11,9,7,11,9,7,8,5,7,8,11,3,9,10,6,9,4,11,1,9,10,3,7,4,11,8,10,1,8,9,7,4,9,10,11,8,9,11,6,10,8,3,5,7,1,11,7,5,9,6,8,9,5,10,9,8,6,10
reelStrip9_5=4,8,10,3,4,10,7,4,11,10,6,8,10,9,5,10,9,11,5,9,1,7,11,1,10,8,5,10,9,8,5,6,9,10,8,3,9,11,7,9,5,7,8,5,4,11,3,4,10,6,9,10,6,8,1,6,9,3,8,9,10,11,8,6,7,11,9,7,8,1,7,10,8,7,11,8,7,9,8,7,5,10,7,9,6,11,5,7,11,5,7,10,9,7,11,6,4,11
reelStrip9_6=

reelStrip10_1=5,8,7,10,4,7,1,9,6,1,9,7,6,9,11,7,9,8,11,9,5,7,11,5,10,9,8,11,9,8,3,4,11,10,7,5,10,11,8,7,11,9,7,11,8,7,11,8,7,3,8,7,9,1,8,9,5,8,7,3,9,8,7,9,8,5,9,4,11,9,8,5,9,11,3,8,10,5,8,10,9,8,4,7,9,10,6,7,10,6,7,1,5,7,8,11,10,5,8,10,9,11
reelStrip10_2=9,10,7,8,4,10,8,7,11,9,7,11,4,7,8,6,11,9,6,10,9,6,11,10,7,8,9,6,1,10,6,7,10,8,4,11,8,9,6,8,5,10,8,11,9,10,8,11,9,10,5,9,11,8,7,11,8,10,11,7,10,8,11,10,6,11,10,9,11,10,8,6,3,10,11,6,10,8,11,1,10,8,11,4,10,11,6,10,8,9,11,8,3,9,8,11,4,8,1,11,7,10
reelStrip10_3=9,11,3,7,9,10,8,6,7,11,6,10,11,7,9,11,10,9,11,4,9,11,3,9,11,10,9,11,3,7,11,6,1,11,7,10,11,1,10,11,5,7,11,9,7,11,4,9,11,7,10,11,9,4,5,10,7,11,5,7,10,8,7,10,4,3,7,11,9,1,7,11,10,7,11,10,9,6,10,4,5,10,7,4,10,6,8,10,4,5,10,7,6,4,11,9,7,11,9
reelStrip10_4=6,4,7,9,4,5,9,11,6,8,4,9,10,4,7,5,8,9,1,8,7,5,11,9,5,11,7,8,4,7,11,5,1,10,11,9,10,8,7,11,9,7,11,9,7,8,5,7,8,11,3,9,10,6,9,4,11,1,9,10,3,7,4,11,8,10,1,8,9,7,4,9,10,11,8,9,11,6,10,8,3,5,7,1,11,7,5,9,6,8,9,5,10,9,8,6,10
reelStrip10_5=4,8,10,11,4,8,7,4,11,10,6,8,10,11,5,10,9,11,5,9,1,7,11,1,10,8,5,10,9,11,5,6,9,7,8,3,9,11,7,9,5,7,8,5,4,11,3,4,10,6,9,10,6,8,1,6,9,3,8,9,10,11,8,6,7,11,9,7,8,1,7,10,8,7,11,8,7,9,8,7,5,8,7,9,6,11,5,7,11,5,7,10,9,7,11,6,4,11
reelStrip10_6=