reelStrip1=9,9,9,9,9,6,6,6,6,6,7,7,9,9,5,5,5,7,6,6,7,7,7,6,6,6,5,5,8,9,9,9,4,4,6,6,6,3,3,3,6,6,6,9,9,7,7,7,3,6,8,8,6,6,4,4,4,7,7,7,9,9,9,8,8,8,8
reelStrip2=3,3,3,5,5,4,4,4,8,8,8,6,6,6,6,8,8,5,5,5,4,6,6,7,7,7,8,8,8,2,5,5,8,6,6,8,8,8,8,3,9,9,9,5,5,5,9,6,6,7,7,6,6,6,7,8,8,8,5
reelStrip3=8,8,8,9,9,4,4,4,4,4,8,8,8,8,5,5,5,9,6,9,9,9,4,9,7,7,7,7,7,4,4,4,7,7,7,5,7,3,2,6,6,5,5,5,3,3,3,3,8,8,7,7,7,7,8,8,8,6,6,6,8,7,7,9,9
reelStrip4=5,5,4,4,4,5,5,5,3,3,4,4,8,4,9,8,3,3,5,5,3,3,3,3,3,4,4,4,8,8,8,2,3,3,3,5,5,9,9,6,6,8,8,7,7,7,7,5,9,9,9,8,8,8,4,4,4,5,5,7,8,8,8
reelStrip5=6,6,9,9,7,7,6,7,7,6,6,6,9,9,9,9,7,7,7,4,9,7,7,9,9,7,4,4,6,6,6,5,7,7,8,8,8,5,5,5,7,7,9,9,9,6,6,6,7,7,7,3,3,3,8,8,8,6,6,9,9,9
reelStrip6=
reelStripBonus1=10,10,10,10,10,10,10,10,10,10,15,10,10,15,10,10,10,10,10,15,10,15,10,10,15,10,10,15,10,10,15,10,10,10,15,10,10,10,15,10,10,10,10,10,10,10,10,10,15,10,10,10,10,10,15,10,10,10,10,15,10,10,10,10,15,10,10,15,15
reelStripBonus2=15,11,11,15,15,11,11,11,15,11,11,15,11,11,15,11,11,15,11,11,11,11,15,11,11,11,11,11,11,11,11,11,15,11,11,11,11,11,2,11,11,11,11,11,15,11,15,11,11,15,11,11,15,11,11,15,11,11,11,11,11,11,11,11,11,11
reelStripBonus3=12,12,15,12,15,12,12,15,12,12,2,12,12,12,12,12,12,12,12,12,12,15,12,12,12,12,15,12,12,15,12,12,15,12,12,12,12,12,15,12,12,12,12,12,12,12,12,12,15,15,12,12,12,15,12,12,12,15,12,12,15,12,12,15
reelStripBonus4=13,13,16,13,2,13,13,16,13,13,13,16,13,13,13,13,13,13,13,16,13,13,13,13,13,16,13,13,16,13,13,13,13,13,13,16,16,13,13,13,13,16,13,13,16,13,13,13,13,13,13,13,13,13,16,13,13,13,16,16
reelStripBonus5=14,14,14,16,14,16,16,14,14,16,16,14,14,16,14,14,14,16,14,14,14,14,14,14,16,14,14,14,14,14,14,14,14,14,16,16,14,16,14,14,14,14,14,14,14,16,14,14,14,16,14,14,14,14,14,14,14,14,14,14,16,14,14,14,14,16
reelStripBonus6=