reelStrip1=9,11,3,3,3,3,3,3,3,3,10,10,7,0,8,9,4,10,11,11,2,5,8,8,9,6,0,10,11,7,5,5,8,10,6,6,11,10,2,9,5,8,7,7,8,10,9,9,11,5,4,4,9,10
reelStrip2=9,11,3,3,3,3,3,3,3,3,10,10,8,7,9,4,10,11,11,2,5,8,8,9,6,3,10,11,7,5,5,8,10,6,6,11,2,10,9,5,8,7,7,8,10,9,9,11,5,4,4,9,10
reelStrip3=9,11,3,3,3,3,3,3,3,3,10,10,8,0,7,9,4,10,11,11,2,5,8,8,9,6,0,3,10,11,7,5,5,8,10,6,6,11,9,2,10,5,8,7,7,8,10,9,9,11,5,4,4,9,10
reelStrip4=9,11,3,3,3,3,3,3,3,3,10,10,8,7,9,4,10,11,11,2,5,8,8,9,6,3,10,11,7,5,5,8,10,6,6,11,10,2,9,5,8,7,7,8,10,9,9,11,5,4,4,9,10
reelStrip5=9,11,3,3,3,3,3,3,3,3,10,10,8,7,9,4,10,13,11,11,2,5,8,8,9,6,14,10,11,7,5,5,8,10,6,6,11,2,10,14,9,5,8,7,7,8,10,9,9,11,5,4,4,10,9,13,8
reelStrip6=
reelStripBonus1=9,11,3,3,3,3,3,3,3,3,10,10,8,7,9,4,10,11,11,5,8,8,9,6,3,10,11,7,5,5,8,10,6,6,11,10,9,5,8,7,7,8,10,9,9,11,5,4,4,9,10
reelStripBonus2=9,11,3,3,3,3,3,3,3,3,10,10,8,7,9,4,10,11,11,5,8,8,9,6,3,10,11,7,5,5,8,10,6,6,11,10,9,5,8,7,7,8,10,9,9,11,5,4,4,9,10
reelStripBonus3=9,11,3,3,3,3,3,3,3,3,10,10,8,7,9,4,10,11,11,5,8,8,9,6,3,10,11,7,5,5,8,10,6,6,11,10,9,5,8,7,7,8,10,9,9,11,5,4,4,9,10
reelStripBonus4=9,11,3,3,3,3,3,3,3,3,10,10,8,7,9,4,10,11,11,5,8,8,9,6,3,10,11,7,5,5,8,10,6,6,11,10,9,5,8,7,7,8,10,9,9,11,5,4,4,9,10
reelStripBonus5=9,11,3,3,3,3,3,3,3,3,10,10,8,7,9,4,10,11,11,5,8,8,9,6,3,10,11,7,5,5,8,10,6,6,11,10,9,5,8,7,7,8,10,9,9,11,5,4,4,9,10
reelStripBonus6=